Feature	Gain	Cover	Frequency
ctrx_quarter	0.211813299368674	0.0179731559478434	0.0135808534531162
mtarjeta_visa_consumo	0.0396837862751052	0.0125112498764518	0.015914514317799
mcuentas_saldo	0.034204952243871	0.0124887632839324	0.0191869034250421
mcuenta_corriente	0.0313149366408664	0.00658344379947741	0.00983471364402021
mcaja_ahorro	0.0268583910974885	0.00727668428012212	0.0124491156653565
foto_mes	0.0194190127439857	0.0147514826590524	0.0163794918585065
mpayroll	0.0184239104228767	0.0135417456573292	0.00583415216170691
mprestamos_personales	0.0169023853240655	0.00765111334514805	0.00333380123526109
mdescubierto_preacordado	0.016897284145765	0.00188732442507025	0.00146511791128579
cpayroll_trx	0.0168727191492143	0.00772374979538279	0.00443044637843908
Visa_status	0.0131928713427567	0.00122957614705636	0.000780811341942729
mpasivos_margen	0.0119698392378755	0.00860381924981272	0.0103084643458731
mdescubierto_preacordado_delta1	0.0102590623612663	0.00444150593398022	0.00106155249859629
mactivos_margen	0.00864045432129107	0.00812739888970202	0.0132474733295901
cliente_edad	0.0085988550227356	0.00904479604183263	0.0151951151038742
mrentabilidad_annual	0.00843204768883084	0.00748792817535139	0.0119139528354857
numero_de_cliente	0.00842195640207085	0.010149563265241	0.0164759966311061
cproductos_delta1	0.00825232881643353	0.00470518252799965	0.00169322010106682
ctrx_quarter_delta1	0.0080249542376903	0.00719443883769935	0.0121596013475576
mrentabilidad_annual_delta1	0.00796966112487847	0.00621753831993943	0.012396476698484
ctarjeta_master	0.0077986425723691	0.000548590729336773	0.000359699606962381
cliente_edad_lag1	0.0076618708126424	0.00756382069274752	0.0128351347557552
Master_status	0.0074736797344353	0.00155420611951661	0.000614121280179674
Master_fechaalta	0.00696251252376795	0.00846793013914071	0.0115630263896687
mcuenta_corriente_lag1	0.00677159181736645	0.00808825695542538	0.0109927709152162
mprestamos_personales_delta1	0.00651266484719049	0.0092542063537271	0.0034478523301516
ctarjeta_visa	0.00644764871431169	0.000643499351886179	0.00064921392476137
Visa_fechaalta	0.00624506193462144	0.00509751330957522	0.00995753790005615
Master_Fvencimiento	0.00610043911337503	0.00538879925786163	0.0111770072992701
Visa_Fvencimiento_lag1	0.00600402923762017	0.00522242164344651	0.0108260808534531
Visa_Fvencimiento	0.00585551685538212	0.00810964422381352	0.011238419427288
ctarjeta_visa_trx	0.00562034391175573	0.0077483418199632	0.0112471925884335
Master_Fvencimiento_lag1	0.005557964083383	0.00414450634487265	0.0104137422796182
mcuentas_saldo_delta1	0.00541881392919207	0.007635354224789	0.0100189500280741
mcaja_ahorro_dolares_delta1	0.00538477741100458	0.00609824788719728	0.00636054183043234
mrentabilidad_annual_lag1	0.00537912746760492	0.00587312601891216	0.00883457327344189
Visa_fechaalta_lag1	0.00533870873905883	0.00489332838136651	0.00972943571027513
chomebanking_trx	0.00532072896570798	0.00507384794121515	0.00899249017405952
mcaja_ahorro_lag1	0.00516536750544641	0.00553417149208504	0.00962415777653004
Master_fechaalta_lag1	0.00501754268672226	0.00589062275350579	0.0100540426726558
Visa_mpagominimo	0.00500662843204714	0.00694487428957704	0.0095715188096575
mrentabilidad	0.00487967979084121	0.00418705965566729	0.0081064008983717
mcaja_ahorro_delta1	0.00478285225815433	0.00752816935728996	0.00833450308815272
mactivos_margen_lag1	0.00475912950081778	0.00659824712877375	0.00806253509264458
mcuenta_corriente_delta1	0.00465471879101569	0.007971156071087	0.00871174901740595
mactivos_margen_delta1	0.00461017671908083	0.00480108716451752	0.0077379281302639
ccaja_ahorro	0.00458028097382029	0.0040939642755916	0.00278109208309938
mrentabilidad_delta1	0.00454945596477353	0.00465750683780451	0.008360822571589
Visa_mfinanciacion_limite	0.00450878798320742	0.00464418196793744	0.00634299550814149
ctrx_quarter_lag1	0.0044977561583645	0.00746828532697466	0.008360822571589
mtransferencias_recibidas	0.00447511608480928	0.00483508469620572	0.00715012633352049
Visa_mpagospesos_lag1	0.00446266269664999	0.00559198350746833	0.00816781302638967
cliente_antiguedad_lag1	0.00435057146348968	0.00464654854300815	0.00847487366647951
cliente_antiguedad	0.00420223677130036	0.00384017846350867	0.00858892476137002
Master_mfinanciacion_limite	0.00405777214489068	0.00531625464737938	0.0077379281302639
mcuentas_saldo_lag1	0.00399067122346098	0.00699189555462499	0.0077028354856822
chomebanking_trx_delta1	0.00379122961770466	0.00680846243406906	0.00716767265581134
ccomisiones_mantenimiento_delta1	0.0037766763424789	0.00489729408458374	0.0013949326221224
Visa_mpagominimo_lag1	0.00377386098303394	0.00478398508851055	0.00707116788321168
mrentabilidad_lag1	0.00377093010733738	0.00282992512759361	0.00683429253228523
mcomisiones_mantenimiento	0.00375340338839838	0.00660058365136925	0.00461468276249298
mcaja_ahorro_dolares_lag1	0.00371853657492787	0.00356140382711539	0.00662373666479506
cproductos	0.00362679755744291	0.00712121227308499	0.0077028354856822
mprestamos_personales_lag1	0.00360764979454759	0.00265051766226653	0.00144757158899495
Visa_fultimo_cierre	0.0035988899600472	0.00351950157681422	0.00657109769792252
Visa_mpagospesos_delta1	0.00345043018563029	0.00485944777139483	0.00780811341942729
chomebanking_trx_lag1	0.00330730421714239	0.00348719501302503	0.00722031162268389
mtransferencias_recibidas_lag1	0.00327002104631093	0.00558105671806583	0.00663250982594048
mcomisiones	0.00319839006667537	0.00348964310447888	0.00549199887703537
mcomisiones_otras	0.00316751450935135	0.00325478507538925	0.00521125772038181
mpasivos_margen_delta1	0.00312225266330837	0.00419977032329293	0.00695711678832117
Master_mfinanciacion_limite_lag1	0.00312106435936366	0.00548790696824492	0.00589556428972487
ccomisiones_mantenimiento	0.00309467277953454	0.00324252435372833	0.00128965468837732
Visa_Finiciomora	0.00307120154856988	0.00523715966787306	0.00127210836608647
mpasivos_margen_lag1	0.00306476816969346	0.00442498670775963	0.00672901459854015
thomebanking	0.00305980116071006	0.00186906972575835	0.00159671532846715
Visa_cconsumos_lag1	0.00301703167886185	0.00420841702451903	0.00561482313307131
Visa_msaldopesos	0.0030133306967619	0.00425974856391219	0.00584292532285233
Master_fultimo_cierre	0.00293636949877269	0.00289420836616931	0.00604470802919708
Master_fultimo_cierre_lag1	0.00290257192941091	0.00391240725535831	0.00559727681078046
Visa_mconsumospesos_lag1	0.0029023516887784	0.00276424899885012	0.00580783267827064
Visa_mpagospesos	0.00288321153262811	0.00452646535196956	0.00645704660303201
Visa_mconsumospesos	0.00285280271240817	0.00295897642075729	0.00632544918585065
Visa_mpagominimo_delta1	0.00278321273627642	0.00323394073975935	0.00522003088152723
cproductos_lag1	0.00272680581708892	0.00269326597003773	0.0038865103874228
mcaja_ahorro_dolares	0.0026975763694089	0.00465157717092109	0.00538672094329029
Visa_mfinanciacion_limite_lag1	0.00264302796187229	0.0022438801436949	0.00491297024143739
ccomisiones_otras	0.00262187098704304	0.00477176451328598	0.00458836327905671
Visa_fultimo_cierre_lag1	0.00254229204026238	0.00277032334584319	0.00530776249298147
Visa_mlimitecompra_lag1	0.00245590159096877	0.00358823785810973	0.00413215889949467
mcuenta_debitos_automaticos	0.00245210166456378	0.00667223555804591	0.00358822290847838
mtarjeta_visa_consumo_lag1	0.00244923257557593	0.00308101141682705	0.00294778214486244
Visa_cconsumos	0.00240100275136817	0.00317813306388681	0.00514984559236384
Visa_mconsumospesos_delta1	0.00239369373636075	0.00356310075962781	0.00552709152161707
mcomisiones_mantenimiento_lag1	0.00237803534527594	0.00701390161341872	0.00414093206064009
mpayroll_lag1	0.00237491718642452	0.0056264890253978	0.00446553902302077
cmobile_app_trx	0.00234534962332506	0.00294387791956703	0.00503579449747333
Visa_msaldototal	0.00234172452308541	0.00215431535593583	0.00402688096574958
mtransferencias_recibidas_delta1	0.00232973426590795	0.0038650955595194	0.00517616507580011
mtarjeta_visa_debitos_automaticos_lag1	0.00227868997652712	0.0052295170099027	0.0044743121841662
Visa_mconsumosdolares_lag1	0.00224165435943338	0.00286784477493958	0.00471996069623807
tcallcenter	0.00220574494810383	0.000784949011635404	0.000921181920269511
mcomisiones_lag1	0.00214980857009809	0.00141764943096017	0.00397424199887704
ccomisiones_otras_lag1	0.00213965305799641	0.00400039034999464	0.00416725154407636
mcomisiones_otras_lag1	0.00213270381195945	0.00159208722628369	0.00396546883773161
mtransferencias_emitidas	0.0021008780933291	0.00788869964958254	0.00584292532285233
Visa_mlimitecompra	0.00204444979690513	0.00213343003270616	0.00350049129702414
mtransferencias_emitidas_delta1	0.00201862270763131	0.00330404704687129	0.00392160303200449
Master_mlimitecompra	0.00200940112355464	0.00217462799980967	0.00338644020213363
mtransferencias_emitidas_lag1	0.0020082847837842	0.00352154491572027	0.00483401179112858
cmobile_app_trx_lag1	0.00198357676631722	0.00366109079322314	0.0044392195395845
Visa_msaldopesos_delta1	0.00195832289318755	0.00256554172688623	0.00371982032565974
mtarjeta_visa_debitos_automaticos_delta1	0.00192253470279559	0.00441532808692933	0.00343030600786075
mtarjeta_visa_debitos_automaticos	0.00187886595414855	0.0030123063350478	0.0038865103874228
mcomisiones_delta1	0.0018277831399412	0.0028094763681832	0.0036320887142055
mautoservicio	0.00181213686257863	0.00613477854431499	0.00400056148231331
ccaja_ahorro_delta1	0.0017742278581006	0.00564398407766457	0.000570255474452555
mpayroll_delta1	0.00176909401289092	0.00846050258959977	0.00446553902302077
Visa_mconsumosdolares	0.0017618909025438	0.00262763526411936	0.00374613980909601
cprestamos_personales	0.00175541272559088	0.00208521003330353	0.000798357664233577
ctransferencias_recibidas_lag1	0.00173583137599804	0.00279988565218239	0.00393914935429534
Visa_Finiciomora_lag1	0.00172968934684246	0.00472103799980594	0.000921181920269511
mcomisiones_otras_delta1	0.00170167809821931	0.00234204429811988	0.00357944974733296
Master_mlimitecompra_lag1	0.0016758353722044	0.00242543005227376	0.00309692588433464
mpagomiscuentas	0.00165346765016652	0.00402889080220976	0.00288637001684447
ccallcenter_trx	0.00165098417789364	0.00720120951507222	0.00268458731049972
Visa_msaldototal_lag1	0.00163227631980283	0.00158806172399365	0.00317588433464346
ctransferencias_recibidas	0.00153725185055188	0.00223915234641166	0.00296532846715328
Visa_msaldopesos_lag1	0.00149805882607371	0.00270005056484187	0.00314956485120719
Visa_msaldototal_delta1	0.00149559053670905	0.0025299329084165	0.00338644020213363
ctarjeta_visa_trx_lag1	0.00148855060128893	0.00530355483840891	0.00357944974733296
ccallcenter_trx_delta1	0.0014822850062326	0.00255367115211722	0.00127210836608647
Visa_cconsumos_delta1	0.00147507470162764	0.00313772716685511	0.00314079169006176
internet	0.00139914975472737	0.00378850885288675	0.00200905390230208
Visa_mconsumosdolares_delta1	0.00131776424043815	0.00191200546003525	0.00271090679393599
Visa_fultimo_cierre_delta1	0.00131157041288981	0.00268838171635684	0.00232488770353734
mpagomiscuentas_lag1	0.00130992110633305	0.00388974554790695	0.00281618472768108
ctarjeta_debito	0.00129849712482196	0.00142253123762019	0.00243893879842785
Master_msaldototal	0.00129218100499437	0.00228186188419576	0.00254421673217294
ccaja_seguridad_lag1	0.00128462374734444	0.000563068146039365	0.000307060640089837
mautoservicio_lag1	0.00127799443601832	0.00279364024313576	0.0034127596855699
mtarjeta_master_consumo	0.00127122647050781	0.00178771492246731	0.00122824256035935
Master_mpagospesos	0.00125658640542059	0.00364670468098721	0.00292146266142617
mautoservicio_delta1	0.00125484648493721	0.00549287770882011	0.0030091942728804
Master_mpagominimo_lag1	0.00124152039114531	0.00212337606506458	0.00217574396406513
cmobile_app_trx_delta1	0.00122146810656481	0.00223451447714585	0.0028600505334082
ccomisiones_otras_delta1	0.00120405451362971	0.00177406543998633	0.00229856822010107
mtarjeta_visa_consumo_delta1	0.00119266102208545	0.00244193253169519	0.00276354576080853
Master_mpagominimo	0.00118596474935362	0.00432602184222035	0.0022722487366648
Master_mpagospesos_lag1	0.00116880354013957	0.0029569138880312	0.00251789724873666
ctransferencias_emitidas	0.00116329135436645	0.00478417022093417	0.00278109208309938
ctarjeta_visa_debitos_automaticos_lag1	0.00113499297096529	0.00374134023130004	0.00230734138124649
Master_fultimo_cierre_delta1	0.00113250561827373	0.00181815593871142	0.00219329028635598
ctarjeta_debito_trx	0.0011191340767814	0.0017549761536148	0.00257053621560921
ctransferencias_emitidas_lag1	0.00110537290201075	0.0041683735159861	0.00221960976979225
Master_status_lag1	0.00103545303527512	0.00241226010941629	0.000394792251544076
mcuenta_debitos_automaticos_lag1	0.00103489605559736	0.00253338825484099	0.00229856822010107
Master_msaldototal_lag1	0.0010323626316045	0.00133925666997765	0.00203537338573835
ctarjeta_debito_lag1	0.00103082217390266	0.00166222236236039	0.00177217855137563
mcomisiones_mantenimiento_delta1	0.00101792132381999	0.00796437308214031	0.00154407636159461
ctarjeta_debito_trx_lag1	0.00101072603181492	0.00363911937506877	0.0030442869174621
ccaja_seguridad	0.000999264265103481	0.00317790036749479	0.000684306569343066
Master_msaldopesos	0.000896340192477804	0.00314446603295651	0.00174585906793936
mdescubierto_preacordado_lag1	0.000892303952949467	0.000954268403967356	0.00100891353172375
ctarjeta_visa_debitos_automaticos	0.00085193727771924	0.00145179516035055	0.00178095171252106
Master_mpagospesos_delta1	0.000851253450387611	0.00509598170391117	0.00215819764177428
Visa_mpagado	0.000828224787161417	0.00254812979686005	0.00157916900617631
cpayroll_trx_lag1	0.000809826021897817	0.000638278479895175	0.000561482313307131
internet_lag1	0.000799637132084966	0.0026012496497017	0.00172831274564851
ctarjeta_visa_trx_delta1	0.000796461708148964	0.00220790855437938	0.00167567377877597
mextraccion_autoservicio_delta1	0.000790807830035023	0.00235216823526481	0.0018335906793936
mextraccion_autoservicio_lag1	0.000787028848876063	0.00172219234428418	0.00228102189781022
ctransferencias_emitidas_delta1	0.000775569083698596	0.0022723978015256	0.00150021055586749
cplazo_fijo	0.000770697893212899	0.00240987946397551	0.000359699606962381
Master_mconsumospesos	0.000768124495966488	0.00178814735693884	0.00206169286917462
mextraccion_autoservicio	0.000762771232767805	0.00227883652522192	0.00187745648512072
ctarjeta_debito_trx_delta1	0.000746547209410232	0.00244721412039183	0.00174585906793936
ctransferencias_recibidas_delta1	0.000726868789458532	0.00187907467651289	0.001614261650758
Master_mconsumospesos_lag1	0.000712748812373789	0.00199289456466464	0.00170199326221224
ccajas_consultas_delta1	0.00070174380506372	0.00404241051611457	0.00069307973048849
ccuenta_debitos_automaticos_lag1	0.000694067552832137	0.00324674569415836	0.00131597417181359
ccuenta_debitos_automaticos	0.0006710392095103	0.00187189618781611	0.00136861313868613
mprestamos_prendarios	0.000644011827259883	0.00625782584233596	0.000666760247052218
Master_mpagominimo_delta1	0.000637130633433535	0.00274829274037124	0.00136861313868613
mplazo_fijo_dolares	0.000623615339583814	0.00317064732113051	0.000552709152161707
Master_msaldopesos_lag1	0.000623276068984649	0.00197198393006272	0.0012457888826502
ccomisiones_mantenimiento_lag1	0.000613209836909187	0.00140903232339287	0.00100014037057833
mcuenta_debitos_automaticos_delta1	0.000611680854356416	0.00250344612497923	0.00148266423357664
mtarjeta_master_consumo_lag1	0.000586759902197827	0.00155884666521152	0.000912408759124088
matm_lag1	0.000586069151760715	0.00188886390708277	0.00191254912970241
cpagomiscuentas_lag1	0.000566087074273901	0.000797114605359526	0.00135106681639528
Master_cconsumos	0.000565916152033443	0.00166807823627033	0.00114051094890511
ctarjeta_visa_debitos_automaticos_delta1	0.000562378163741599	0.00181541756940542	0.000815903986524425
Master_msaldopesos_delta1	0.000545341801523502	0.00208528222041955	0.00117560359348681
cprestamos_personales_delta1	0.000543521795989461	0.00207723083349246	0.000342153284671533
Visa_mpagado_delta1	0.000542964638845115	0.00181392366315683	0.000965047725996631
thomebanking_lag1	0.000527758009357291	0.0005724510946734	0.000912408759124088
Master_mconsumospesos_delta1	0.000504594167617433	0.00180989816086679	0.00128965468837732
mplazo_fijo_dolares_delta1	0.000504044624767029	0.00404407097272196	0.000631667602470522
ccaja_ahorro_lag1	0.000502972153762409	0.00111268845941233	0.00100891353172375
mpagomiscuentas_delta1	0.000502694047717836	0.00157893617136866	0.00157039584503088
matm	0.000496504170965527	0.000994257925102067	0.0012457888826502
Master_mfinanciacion_limite_delta1	0.00049585430580454	0.00454688329421074	0.000903635597978664
ccajas_trx_delta1	0.000482120734955564	0.00185859318819818	0.000605348119034251
cextraccion_autoservicio_lag1	0.000476669863243167	0.00257317872612081	0.00119314991577765
cpagomiscuentas	0.00044681987547472	0.00215207962001292	0.00140370578326783
tpaquete7	0.000422743698854348	0.00149176839350252	0.000289514317798989
tcuentas_lag1	0.000415247420652541	0.00420775984647335	0.000517616507580011
Master_cconsumos_lag1	0.000414719185096611	0.000956569368290661	0.000965047725996631
ccajas_otras_delta1	0.000412983386851832	0.00114100645563292	0.000184236384053902
ccallcenter_trx_lag1	0.000408685211664796	0.00309402627973611	0.000903635597978664
cextraccion_autoservicio	0.000384473436913762	0.00179308689799779	0.000965047725996631
Visa_mlimitecompra_delta1	0.000374546688746076	0.000417029175094955	0.000684306569343066
Visa_mpagosdolares	0.000366210453041195	0.000878737586845379	0.000903635597978664
Master_msaldototal_delta1	0.000359883919944263	0.00114530763011922	0.000877316114542392
Visa_msaldodolares_delta1	0.000358106502571526	0.00253936227397789	0.000991367209432903
Visa_mpagosdolares_lag1	0.000352500846317727	0.000730876961792968	0.000921181920269511
Master_mlimitecompra_delta1	0.000344683305667477	0.00201755112942082	0.000535162829870859
tmobile_app	0.000344571674763934	0.000194486084472668	0.000789584503088153
thomebanking_delta1	0.000344163413857436	0.00116610868406727	0.000719399213924761
Visa_status_delta1	0.000341945050858597	0.000644639357739679	0.000280741156653565
matm_delta1	0.000339372762790705	0.000933648506033998	0.000965047725996631
cprestamos_personales_lag1	0.000337750258248696	0.00123027316566077	0.000579028635597979
mtarjeta_master_consumo_delta1	0.000332699762115195	0.00214320886343729	0.000736945536215609
mttarjeta_master_debitos_automaticos	0.000331062658556466	0.00299516663609476	0.00069307973048849
mttarjeta_master_debitos_automaticos_lag1	0.000330134837885859	0.00119301199634032	0.00064921392476137
Visa_msaldodolares_lag1	0.000329420319005438	0.00122544412288853	0.00113173778775969
catm_trx	0.000326873300285428	0.00188307073808294	0.000780811341942729
cextraccion_autoservicio_delta1	0.000322030187691564	0.000678834027547703	0.000736945536215609
tcallcenter_lag1	0.000317096667311402	0.00101193191577085	0.000456204379562044
mcaja_ahorro_adicional_lag1	0.000304612602286874	0.0044169405972213	0.000736945536215609
Visa_msaldodolares	0.000303497760819299	0.000753347954554316	0.000684306569343066
Visa_mpagado_lag1	0.000301060744661154	0.00125334016094574	0.000815903986524425
Visa_status_lag1	0.000299057523168424	0.000364412032105799	0.000140370578326783
catm_trx_lag1	0.000297235001721724	0.00245588896235807	0.000754491858506457
mcaja_ahorro_adicional	0.000296592741986386	0.00204378304033932	0.000438658057271196
Master_Fvencimiento_delta1	0.000295641469185768	0.000247620390031399	0.000684306569343066
Master_delinquency	0.000294253948679566	0.000423357171096354	0.000184236384053902
Visa_Fvencimiento_delta1	0.000289454695114845	0.000147548859298137	0.000587801796743403
cpagomiscuentas_delta1	0.000289007082090027	0.0012602354069754	0.000754491858506457
Master_fechaalta_delta1	0.000279956179119869	0.000160490005703116	0.000491297024143739
ctarjeta_master_trx	0.000278315032481969	0.00257204109081879	0.000754491858506457
mplazo_fijo_dolares_lag1	0.000267612256280878	0.00300320609379506	0.000587801796743403
ctarjeta_master_trx_lag1	0.000264628821103222	0.000375378126781222	0.000377245929253229
mforex_sell_lag1	0.000264538910725845	0.000559633140475961	0.000535162829870859
tmobile_app_lag1	0.000258396420359175	0.000108234639457514	0.000500070185289163
Visa_mfinanciacion_limite_delta1	0.000256215608403802	0.000836453601286582	0.000526389668725435
cseguro_accidentes_personales	0.000252335277310255	0.000525606703353588	0.00044743121841662
ccajas_otras	0.000252246070012654	0.00130328921000986	0.000236875350926446
cseguro_accidentes_personales_lag1	0.000250328581868091	0.000371322572015969	0.00044743121841662
matm_other_lag1	0.000245538639016201	0.00105808142962952	0.000561482313307131
Master_cconsumos_delta1	0.000243918822045073	0.000952191571462982	0.000535162829870859
ccajas_extracciones	0.000235639968641245	0.00197185599675222	0.000543935991016283
minversion1_pesos	0.000234744353409567	0.0030193815900511	0.000271967995508142
matm_other_delta1	0.000216657888222189	0.00120119980468161	0.000631667602470522
mttarjeta_master_debitos_automaticos_delta1	0.000212229381195807	0.0019936074889048	0.000517616507580011
Visa_mconsumototal_lag1	0.000211669923638132	0.000295283233366907	0.000535162829870859
ccuenta_debitos_automaticos_delta1	0.000210126890024208	0.0020243013129938	0.000386019090398652
mforex_sell_delta1	0.000209175913347849	0.00104654716729301	0.000517616507580011
Visa_fechaalta_delta1	0.000208350020779832	0.000127929104680981	0.000464977540707468
matm_other	0.000200124035970927	0.000918297808754067	0.000517616507580011
tmobile_app_delta1	0.000187254874587851	0.000628277276141369	0.000386019090398652
mforex_sell	0.000185539498081515	0.000793494773250112	0.000508843346434587
Visa_mconsumototal	0.000178025363416794	0.00019275382309627	0.000500070185289163
ccajas_trx_lag1	0.000177794201555679	0.0013430235527482	0.00122824256035935
mprestamos_hipotecarios	0.000167415891553171	0.00104554052407759	7.89584503088153e-05
active_quarter_lag1	0.000164233187444878	0.000174824730500513	0.000315833801235261
tcallcenter_delta1	0.00016245473551779	0.00042427648625404	0.000333380123526109
minversion2	0.000160805101489355	0.00293247449637832	0.000280741156653565
cforex_buy_delta1	0.000159638816940068	0.00195444360790962	0.000175463222908478
ctarjeta_debito_delta1	0.000159136771616143	0.00279932895493168	0.000289514317798989
tpaquete9	0.000152989042618425	0.000314177446292488	0.000193009545199326
Visa_mpagosdolares_delta1	0.000150057580818357	0.00114159802293119	0.000824677147669848
cseguro_vida_lag1	0.000149853110193602	0.002498635128986	0.000368472768107805
ccajas_trx	0.000149043895263604	0.00015152167416981	0.000289514317798989
tpaquete9_lag1	0.000144856022868363	0.000489539756693062	0.000157916900617631
cseguro_vivienda_lag1	0.000143997129968158	0.000446861189017008	0.000263194834362718
Master_msaldodolares_lag1	0.000141477985360618	0.00082077546202485	0.00024564851207187
Visa_delinquency	0.000141262052555886	0.000167929866817869	0.000140370578326783
mcheques_depositados_delta1	0.000139877357753403	0.00305947235667481	0.000377245929253229
minversion2_lag1	0.000136903763158843	0.00283376993268538	0.000254421673217294
mcheques_emitidos_delta1	0.00013605605528494	0.00214859903868558	0.000298287478944413
Visa_mconsumototal_delta1	0.000135370052860198	0.000240748467169526	0.000386019090398652
catm_trx_other	0.000131534907782773	0.00147660022868652	0.000254421673217294
ctarjeta_visa_delta1	0.000129299177688828	0.00179637148824634	0.000236875350926446
internet_delta1	0.000125666426114275	0.000296230536325933	0.000307060640089837
Visa_delinquency_lag1	0.000122986703229818	5.81094813592799e-05	0.000114051094890511
Master_mconsumosdolares_delta1	0.000121961242288233	0.000236757987865859	0.000280741156653565
Master_mconsumosdolares_lag1	0.000119796663435845	0.000372515724104255	0.000315833801235261
catm_trx_delta1	0.000116291001207453	0.000369678021044318	0.000359699606962381
ccajas_extracciones_delta1	0.000114200301905587	0.000913215805198129	0.000350926445816957
mcheques_depositados	0.000112740180339682	0.00118460372671144	0.000289514317798989
Master_mpagado_delta1	0.000110074826718478	0.000772263808320824	0.00020178270634475
ctarjeta_master_trx_delta1	0.000107990995111754	0.00103212649088712	0.000298287478944413
cseguro_vivienda	0.000105961074027361	0.0002395809323311	0.00020178270634475
ccajas_extracciones_lag1	0.000102601180180115	0.000605423859897772	0.000342153284671533
cplazo_fijo_lag1	9.91264978186251e-05	0.000223112022977401	6.14121280179674e-05
mcaja_ahorro_adicional_delta1	9.32529026444804e-05	0.00184760224096692	0.00024564851207187
mprestamos_hipotecarios_lag1	8.71991725286751e-05	0.00204265855777455	0.000175463222908478
Master_mpagado	8.7182113164134e-05	0.000501923288214507	0.000166690061763054
active_quarter	8.6938592482827e-05	4.15894139752621e-05	0.000131597417181359
Master_mpagado_lag1	8.63116128322006e-05	0.000296316640873226	0.000157916900617631
ccajas_consultas	8.54037565056558e-05	0.00107604829811014	0.000184236384053902
cpayroll_trx_delta1	8.39477036129174e-05	0.000120836720531501	0.000271967995508142
ccheques_depositados_delta1	8.18060257590035e-05	0.00144095501078116	0.000131597417181359
cprestamos_hipotecarios	8.10092893467038e-05	0.000693386154856605	5.26389668725435e-05
catm_trx_other_delta1	8.09538058198306e-05	0.000233613566032217	0.000210555867490174
ctarjeta_master_debitos_automaticos_lag1	8.03765874164602e-05	0.000226100141352192	0.000166690061763054
Master_mconsumosdolares	7.70210647811856e-05	0.000108687338320723	0.00020178270634475
minversion1_pesos_delta1	7.57085064256038e-05	0.000340917343452257	0.000131597417181359
mtarjeta_visa_descuentos_delta1	7.51603613467846e-05	0.000954033872309677	0.000184236384053902
Master_msaldodolares	7.43790015047166e-05	0.00189173510374103	0.000193009545199326
mtarjeta_visa_descuentos_lag1	7.3138617737025e-05	0.000292944951975149	0.000149143739472207
catm_trx_other_lag1	7.28604076886798e-05	0.00050914911147147	0.000140370578326783
cforex_lag1	7.10173735125161e-05	0.000630377049466514	0.000149143739472207
cliente_edad_delta1	6.70230125689217e-05	0.000166809895947842	0.000131597417181359
Master_mconsumototal_lag1	6.63626718694199e-05	0.000182877187999248	0.000175463222908478
minversion1_pesos_lag1	6.50657000488614e-05	0.00115099251844501	0.000149143739472207
ccajas_depositos	6.00337271718643e-05	0.000546249389168912	0.000105277933745087
Master_mpagosdolares_lag1	5.99586873298454e-05	4.94084103879537e-05	0.000122824256035935
ctarjeta_visa_lag1	5.45224135534024e-05	0.00168414904591425	0.00024564851207187
mprestamos_hipotecarios_delta1	5.41444056706007e-05	1.41180105105169e-05	7.89584503088153e-05
cprestamos_hipotecarios_lag1	5.22522300515983e-05	0.000909422387544883	7.89584503088153e-05
ccajas_depositos_lag1	5.14420942893758e-05	0.000357350541594957	0.000105277933745087
Master_status_delta1	4.9664290279073e-05	0.000155046837158844	0.000175463222908478
Master_delinquency_lag1	4.93182298544655e-05	0.000477174119011819	8.77316114542392e-05
cforex	4.8329741630984e-05	5.18877013580494e-05	0.000114051094890511
mprestamos_prendarios_delta1	4.77387055503757e-05	0.00234767443435344	0.000219329028635598
Master_mpagosdolares	4.71402703469169e-05	5.4365233531886e-05	0.000193009545199326
ctarjeta_master_debitos_automaticos	4.6944159038842e-05	0.000340542490440864	0.000105277933745087
Master_mpagosdolares_delta1	4.6802881438383e-05	0.000167385863487993	0.000105277933745087
Master_mconsumototal	4.57804371238673e-05	6.98677990453192e-05	0.000166690061763054
cforex_delta1	4.33122219065925e-05	7.60212918700555e-05	8.77316114542392e-05
cforex_sell_lag1	4.09096949360993e-05	0.00110451747433961	0.000114051094890511
cseguro_vida	3.98744317207554e-05	0.00014185907693058	8.77316114542392e-05
Master_msaldodolares_delta1	3.91067594228869e-05	0.00130961498839859	0.000149143739472207
tpaquete7_lag1	3.76995995357828e-05	0.000975714247917863	0.00024564851207187
mcheques_emitidos	3.62088937339311e-05	0.000654164539462492	8.77316114542392e-05
ccajas_consultas_lag1	3.53318866927963e-05	0.000419946253394759	0.000175463222908478
mcheques_emitidos_rechazados_lag1	3.46875552563195e-05	0.000191018502943769	4.38658057271196e-05
ccheques_depositados_lag1	3.4471627521697e-05	0.000545788431610226	5.26389668725435e-05
cinversion2	3.20326940924693e-05	0.00107437522405133	0.000105277933745087
tpaquete7_delta1	2.99433335621065e-05	0.000592981293997544	7.89584503088153e-05
active_quarter_delta1	2.93382277058644e-05	0.000112046180359169	7.01852891633914e-05
ctarjeta_visa_descuentos_delta1	2.84758430819282e-05	0.000495206904117459	7.01852891633914e-05
mprestamos_prendarios_lag1	2.81733724778459e-05	8.53172947933695e-05	5.26389668725435e-05
ccheques_emitidos	2.75294182095287e-05	0.000529408532641117	6.14121280179674e-05
minversion2_delta1	2.70507757431904e-05	0.000240715202979408	8.77316114542392e-05
ccheques_emitidos_lag1	2.58386827606023e-05	0.000584584800656651	7.01852891633914e-05
cpagodeservicios_lag1	2.52993551803029e-05	0.000777630813340137	8.77316114542392e-05
cforex_buy	2.40574186138759e-05	0.000843816992998767	7.89584503088153e-05
ctarjeta_master_debitos_automaticos_delta1	2.06051414706272e-05	0.000304887713860185	8.77316114542392e-05
mtarjeta_master_descuentos_delta1	2.02527065040684e-05	0.000117012179831409	3.50926445816957e-05
Master_mconsumototal_delta1	1.95767645039065e-05	2.85668276565478e-05	7.01852891633914e-05
mforex_buy_delta1	1.92306314473888e-05	0.00109248432562074	8.77316114542392e-05
mtarjeta_visa_descuentos	1.73646553205755e-05	0.000242101057962168	9.65047725996631e-05
Visa_delinquency_delta1	1.57077463455249e-05	0.000170128285672329	5.26389668725435e-05
mtarjeta_master_descuentos_lag1	1.5646141370831e-05	0.000134984401170214	4.38658057271196e-05
mcheques_depositados_lag1	1.40597334872198e-05	8.0686690120797e-06	3.50926445816957e-05
Master_delinquency_delta1	1.34371486590618e-05	2.1585171201988e-05	2.63194834362718e-05
mtarjeta_master_descuentos	1.26851614789575e-05	0.00011075591212962	1.75463222908478e-05
cforex_sell	1.19570471504296e-05	2.52006445554555e-05	2.63194834362718e-05
cforex_sell_delta1	1.1798330848249e-05	8.20422632201396e-05	5.26389668725435e-05
mcajeros_propios_descuentos_delta1	9.52002227800443e-06	9.69599142733217e-05	4.38658057271196e-05
ccajas_depositos_delta1	8.73867877129852e-06	9.95955087022686e-05	3.50926445816957e-05
Master_madelantopesos_lag1	8.71880875871683e-06	1.06170118526953e-05	7.01852891633914e-05
cseguro_auto_lag1	8.60318443490765e-06	0.000168330107670916	2.63194834362718e-05
mcheques_emitidos_lag1	8.1566145847288e-06	0.000167933002063375	2.63194834362718e-05
cseguro_auto	7.75022560125866e-06	8.21074151511285e-05	1.75463222908478e-05
mcajeros_propios_descuentos_lag1	7.63580091497068e-06	0.000115977319406441	5.26389668725435e-05
ccheques_depositados	7.59594628583266e-06	0.000147544041725775	1.75463222908478e-05
Master_cadelantosefectivo_lag1	7.19832845244279e-06	3.81322322851127e-06	8.77316114542392e-06
ctarjeta_visa_descuentos	7.02026576630181e-06	0.000216052520671026	2.63194834362718e-05
cinversion2_lag1	6.32578862879223e-06	2.87846125150646e-06	1.75463222908478e-05
Visa_madelantopesos_delta1	6.16816342798925e-06	5.33320554337748e-06	1.75463222908478e-05
ctarjeta_visa_descuentos_lag1	6.00470203533891e-06	0.000176081581601139	2.63194834362718e-05
cplazo_fijo_delta1	5.16212914016142e-06	7.39904939460277e-05	2.63194834362718e-05
Visa_madelantopesos	4.63739628961815e-06	2.53278131719279e-05	6.14121280179674e-05
ccajeros_propios_descuentos_lag1	4.43608608737905e-06	6.92958079141023e-06	8.77316114542392e-06
mforex_buy	3.8980418754395e-06	0.000232342338683908	1.75463222908478e-05
mpagodeservicios_lag1	3.75482203542555e-06	0.000156739028568296	1.75463222908478e-05
cprestamos_prendarios_lag1	3.20709354270466e-06	0.000186860708587281	1.75463222908478e-05
ctarjeta_master_lag1	2.63388504686873e-06	4.66672117140588e-05	1.75463222908478e-05
ccheques_emitidos_delta1	2.63102024134073e-06	0.000110251596419677	1.75463222908478e-05
ccajas_otras_lag1	1.93381360917029e-06	5.74790676045002e-05	8.77316114542392e-06
mpagodeservicios_delta1	8.68790800783215e-07	1.57753318723972e-05	8.77316114542392e-06
ctarjeta_master_descuentos_delta1	5.41670387385698e-07	2.6481354109683e-06	8.77316114542392e-06
Visa_cadelantosefectivo	7.00521616320485e-10	1.72973788611328e-06	8.77316114542392e-06
Visa_madelantopesos_lag1	1.58173643973512e-10	1.33836748376457e-06	8.77316114542392e-06
Visa_cadelantosefectivo_delta1	4.96576832102548e-11	3.53816278747018e-06	8.77316114542392e-06
Master_cadelantosefectivo	1.51225145682788e-12	2.33373910924566e-05	0.000105277933745087
Master_madelantopesos	7.75934528303222e-13	1.00339326581058e-05	5.26389668725435e-05
Master_madelantodolares	2.03967007494936e-14	1.44924811748978e-06	8.77316114542392e-06
Master_madelantopesos_delta1	3.71566360428358e-15	4.92967650602028e-06	1.75463222908478e-05
Master_cadelantosefectivo_delta1	8.39857786480228e-16	1.22083401201585e-06	8.77316114542392e-06
