-1e-04 850 5 4 9736111 
-1e-04 850 5 5 10308889 
-1e-04 850 5 6 10860000 
-1e-04 850 47 4 10011111 
-1e-04 850 47 5 10707222 
-1e-04 850 47 6 10384444 
-1e-04 850 89 4 10211111 
-1e-04 850 89 5 10776667 
-1e-04 850 89 6 10322778 
-1e-04 850 131 4 10244444 
-1e-04 850 131 5 11080556 
-1e-04 850 131 6 10853333 
-1e-04 850 173 4 10208889 
-1e-04 850 173 5 11042778 
-1e-04 850 173 6 10639444 
-1e-04 850 215 4 10223889 
-1e-04 850 215 5 11110556 
-1e-04 850 215 6 11021111 
-1e-04 850 257 4 10231667 
-1e-04 850 257 5 11173889 
-1e-04 850 257 6 10607222 
-1e-04 850 299 4 10231667 
-1e-04 850 299 5 11387778 
-1e-04 850 299 6 10800000 
-1e-04 850 341 4 10290000 
-1e-04 850 341 5 11300000 
-1e-04 850 341 6 10717778 
-1e-04 850 383 4 10217778 
-1e-04 850 383 5 11227222 
-1e-04 850 383 6 11030556 
-1e-04 850 425 4 10217778 
-1e-04 850 425 5 11255556 
-1e-04 850 425 6 11008333 
