Feature	Gain	Cover	Frequency
ctrx_quarter_normalizado	0.193597202281308	0.00935634309377693	0.00336144111013747
ctrx_quarter	0.0729000556105888	0.00457499706415319	0.00326088517949234
mcaja_ahorro	0.0536389106692477	0.00589928659638471	0.00525763865944579
mtarjeta_visa_consumo	0.051724482404566	0.00786399658453085	0.00291612198870901
mcuentas_saldo	0.0397483022422938	0.0133417170987212	0.00999813253271659
mdescubierto_preacordado	0.0270550625546755	0.00219705767927727	0.0010486547052993
mcuenta_corriente	0.0265805183039134	0.00605986907564072	0.0071107408099062
Visa_status_mean6	0.0203678291977751	0.00128495141053048	0.000991194173502076
foto_mes	0.0158967085211939	0.0318080891880493	0.0158447416430839
mpayroll	0.0157906947379095	0.0080461196184754	0.00198238834700415
cpayroll_trx	0.0146014716711306	0.00601298424615549	0.00135032249723471
mprestamos_personales	0.0129616326781	0.0127423308639939	0.00428080961889302
mdescubierto_preacordado_delta1	0.0120059666386527	0.00298891054005245	0.000861907976958327
ctarjeta_visa_trx	0.00932660979453724	0.00446817380882267	0.00261445419677359
mpasivos_margen	0.00882095282705639	0.00487481073425436	0.00397914182695761
mcuentas_saldo_mean6	0.0085000300167565	0.00334110133418849	0.00532946432419232
mpayroll_sobre_edad	0.00793898520596248	0.00444082772009434	0.00136468763018402
mv_status05_delta1	0.00764559724292605	0.000860856305206773	0.000502779653225691
mprestamos_personales_mean6	0.00732243561545476	0.00264460302843059	0.0021116745435479
mv_status01	0.00693269473410088	0.000715083950186996	0.000517144786174996
Visa_Finiciomora_mean6	0.00673119017923185	0.00278819851721446	0.00166635542211943
cproductos_delta1	0.00634224224658219	0.00476431092447138	0.00129286196543749
Visa_Finiciomora	0.0059906095408968	0.00252814915998667	0.000876273109907632
mprestamos_personales_delta1	0.00555424498544064	0.0105248911068709	0.00471176360737219
mactivos_margen_mean6	0.00554025506463794	0.00384677621003971	0.00521454326059788
mv_status07	0.00552729307190168	0.000632386444473242	0.000186746728340971
mv_mpagospesos	0.00549759796952911	0.000509745012948662	0.000804447445161105
mv_status04	0.0052394058605613	0.000770393941420869	0.000272937526036804
ccaja_ahorro	0.00510525013062303	0.00644543693984597	0.0023702469366354
mactivos_margen	0.00472897430292912	0.0069061983959223	0.0065935960237312
mprestamos_personales_lag1	0.00458388181318156	0.000918372426739565	0.00112048037004582
mv_Finiciomora	0.00458096593173123	0.00318271396370118	0.00129286196543749
cprestamos_personales_mean6	0.00449614993814519	0.0021985299276841	0.00268627986152012
Master_status	0.00445386840242485	0.000364656524876907	0.00015801646244236
mcaja_ahorro_dolares_delta1	0.00426069160873225	0.00654897600720014	0.00439573068248747
mv_msaldopesos	0.00416913627400451	0.00152983529418538	0.00126413169953888
Visa_Finiciomora_lag1	0.00381638070347154	0.0014537657566981	0.000445319121428469
cproductos	0.00357668746336143	0.00325619823024969	0.00383549049746455
mcuenta_corriente_mean6	0.00337836460239048	0.00915231822698401	0.0105009121859423
mv_Finiciomora_lag1	0.00337335217648758	0.00424048959316803	0.00140778302903193
mcaja_ahorro_lag1	0.00333884591613139	0.0051774041863002	0.0057891485785701
cpayroll_trx_mean6	0.00333561344447703	0.00178973817907697	0.00122103630069096
cprestamos_personales	0.00324551221979656	0.00121129330784658	0.00110611523709652
mcuenta_corriente_delta1	0.003228597563885	0.00380738480494081	0.0060620861046069
ctrx_quarter_delta1	0.00318355916270683	0.00391198444754515	0.0060620861046069
mv_status02_mean6	0.00307355065974515	0.000642104773765148	0.000746986913363883
mrentabilidad_annual_delta1	0.00300912493328561	0.0054346673006863	0.00979702067142631
thomebanking_mean6	0.00293086335090456	0.0027452955765743	0.00429517475184233
cliente_edad_lag1	0.00289246955345658	0.00783836947446535	0.0104434516541451
ccomisiones_mantenimiento_delta1	0.00284020386327446	0.00274637393829394	0.00169508568801804
mcuentas_saldo_delta1	0.0028320204511687	0.00973539989398668	0.00749859939953744
tmobile_app	0.00281275430497665	0.000682113232535722	0.000905003375806243
ctrx_quarter_normalizado_delta1	0.00275468306774493	0.00386703712706349	0.00530073405829371
cliente_edad_mean6	0.00274907111629014	0.00614222498992795	0.0102279746599055
mrentabilidad_mean6	0.0027171689259152	0.00274372421040598	0.00558803671727982
mrentabilidad_annual_mean6	0.00268400998361782	0.00663732968621645	0.00926551075230201
mautoservicio	0.00267435852044656	0.00260210674425057	0.00112048037004582
mpasivos_margen_mean6	0.00267185503553529	0.00278944904283732	0.00429517475184233
mdescubierto_preacordado_mean6	0.00250206208677157	0.00259550104711621	0.0026288193297229
Visa_status	0.00242826377748983	0.000247514684915092	0.00015801646244236
cliente_edad	0.00228046993826569	0.0067181810476117	0.0089638429603666
numero_de_cliente	0.0022629062350282	0.00616089835053554	0.0113197247640527
mcuenta_corriente_lag1	0.00222526514578048	0.00447438888772363	0.00573168804677287
mtransferencias_recibidas	0.0021736444135217	0.00414085914048554	0.00277247065921595
ccomisiones_mantenimiento_mean6	0.00217122801566453	0.00793135295628304	0.0044962866131326
mcomisiones_mantenimiento_mean6	0.0021400809092086	0.00203685327651337	0.00389295102926178
mv_status02	0.0020415636249504	0.000274728135227921	0.00015801646244236
mcuenta_debitos_automaticos	0.00203798568272674	0.00579382704639091	0.00257135879792568
ccaja_ahorro_mean6	0.00198158218029764	0.00145650160454295	0.00147960869377846
mcomisiones_mantenimiento	0.00196514357464686	0.0104835695657921	0.0047404938732708
mv_mpagominimo	0.00195089729680861	0.00219269824601398	0.0018387370175111
tcallcenter	0.00191401927838017	0.000908654553510979	0.000617700716820134
mcaja_ahorro_delta1	0.00189816174111565	0.0059981174180465	0.00402223722580553
mcomisiones_otras_mean6	0.00180778141959679	0.00300898454712566	0.0055305761854826
mcaja_ahorro_mean6	0.00179804317836667	0.00494928975091389	0.00680907301797078
mrentabilidad	0.00174270324725475	0.00419789715563809	0.00571732291382357
chomebanking_trx_delta1	0.00173272521873715	0.0058045820076087	0.00497033600045968
cprestamos_personales_delta1	0.00166352489416036	0.000311277961802334	0.000301667791935414
mpagomiscuentas	0.00165168146146434	0.00557191841661806	0.00153706922557568
mv_msaldototal_mean6	0.00164811197685512	0.003531721283844	0.0018387370175111
ccomisiones_otras_mean6	0.00158059941114392	0.0100910381467676	0.00663669142257912
thomebanking	0.00155114647975576	0.00358665517486016	0.00165199028917013
ctrx_quarter_mean6	0.00155112623342317	0.00177998275663505	0.00303104305230345
ctarjeta_visa_trx_mean6	0.00153600199400093	0.00135525364728628	0.00193929294815624
mtransferencias_emitidas_mean6	0.00152103596847176	0.00470043256760645	0.00406533262465344
mcomisiones_mean6	0.00151383623060419	0.00319941849895725	0.00508525706405413
mv_fultimo_cierre_mean6	0.00149417740305655	0.00343432972200891	0.00532946432419232
ctransferencias_recibidas_mean6	0.00147763974474932	0.00364161475744333	0.0057891485785701
Visa_fultimo_cierre_mean6	0.00144353689563543	0.00413640933067438	0.00617700716820134
ccallcenter_trx	0.00142259006358415	0.0045889000024358	0.00201111861290276
ccomisiones_mantenimiento	0.00142176231473159	0.00241873804935857	0.00101992443940069
mcuentas_saldo_lag1	0.00141265444036809	0.00482676522362028	0.00522890839354718
ccaja_ahorro_delta1	0.0014026514653734	0.00506527554637059	0.000588970450921523
mrentabilidad_annual	0.00139794477812895	0.00378320668405283	0.0052720037923951
chomebanking_trx_mean6	0.00139746600724337	0.00322273199980147	0.00586097424331662
mactivos_margen_lag1	0.00137009672489909	0.00266034975470455	0.00492724060161177
mrentabilidad_annual_lag1	0.00136504159069886	0.00346816338747177	0.00752732966543605
Visa_mpagospesos_mean6	0.00135809521691336	0.00570273774756141	0.00484104980391594
mtarjeta_visa_debitos_automaticos_mean6	0.00134987742737419	0.00293350637174304	0.00353382270552914
Master_fultimo_cierre_mean6	0.00130625173015419	0.00273336746847692	0.00576041831267148
Master_fechaalta_mean6	0.00130270408941557	0.00289988872827264	0.00604772097165759
mv_Fvencimiento_mean6	0.00130258559885298	0.00280865204498029	0.00665105655552842
mv_msaldototal	0.0012844630440758	0.000613771155928367	0.00094809877465416
Visa_Fvencimiento	0.00127127027151289	0.00297553868750572	0.00657923089078189
mtransferencias_recibidas_mean6	0.00125583865277895	0.00366536478689514	0.00532946432419232
Visa_msaldototal	0.00124706912902923	0.00109515784761043	0.00188183241635901
chomebanking_trx	0.00123431744124544	0.00573340488938444	0.00350509243963053
cliente_antiguedad	0.00123420043728335	0.00325036784075898	0.00534382945714163
mv_Finiciomora_mean6	0.00123348347831828	0.00168029096343606	0.00206857914469998
mpayroll_lag1	0.00122730989908731	0.000917864752254088	0.000775717179262494
ccaja_seguridad_mean6	0.00122423628956213	0.000263176659422129	0.000201111861290276
Master_Fvencimiento	0.00122352362917579	0.00318895420209528	0.00620573743409995
mcaja_ahorro_dolares_mean6	0.00121503498705529	0.00304451735249695	0.00430953988479163
cliente_antiguedad_mean6	0.0012070715996323	0.00329549158173484	0.00597589530691107
mcomisiones	0.00119869306546208	0.00455483936946079	0.00402223722580553
Visa_Fvencimiento_lag1	0.00119027932349504	0.00228344549735364	0.00561676698317843
Visa_Fvencimiento_mean6	0.00118059984840066	0.00243292443099444	0.00576041831267148
cplazo_fijo	0.00117243398089723	0.0050253750225857	0.000746986913363883
ccallcenter_trx_mean6	0.00116196276868588	0.00292764436186215	0.0034189016419347
mpayroll_sobre_edad_mean6	0.00116144896752485	0.00159939772022593	0.00119230603479235
Visa_fechaalta_lag1	0.00115861655318609	0.00173323299790304	0.0039647766940083
Master_Fvencimiento_lag1	0.00115838652404298	0.00254891478708434	0.00622010256704926
mv_Fvencimiento	0.00115820440093043	0.00293043592544257	0.0063206584976944
mv_status01_mean6	0.00115748137944394	0.000909498726715905	0.00097682904055277
ctrx_quarter_normalizado_mean6	0.0011347114409697	0.00190259294782223	0.00320342464769511
Master_Fvencimiento_mean6	0.00112003338219103	0.00269197052492925	0.00593279990806315
Visa_mpagominimo	0.00111769381401853	0.00236063208593219	0.00301667791935414
Visa_cconsumos_mean6	0.00110559525771395	0.00349989467704097	0.00430953988479163
mvr_mpagominimo_mean6	0.00110267345766417	0.00205847675871557	0.00284429632396248
cliente_antiguedad_lag1	0.00109591084629436	0.0030463993737966	0.00548748078663468
ctrx_quarter_lag1	0.00108734183021536	0.00164337301775202	0.00340453650898539
ctarjeta_master	0.00108526197110876	0.000150399649472894	0.000172381595391665
mcomisiones_otras	0.00106166110361354	0.00450363425214722	0.00390731616221108
cproductos_mean6	0.00105891157607942	0.00244974579447093	0.00432390501774094
ctarjeta_visa_debitos_automaticos_mean6	0.00105043253513124	0.0037778969668522	0.00334707597718817
Visa_fechaalta_mean6	0.00103678173298746	0.00270660065617527	0.00406533262465344
Master_fechaalta	0.00103265555759039	0.00208226707376062	0.00476922413916941
mv_cconsumos_mean6	0.00100178082715418	0.00426594172693984	0.00311723384999928
mrentabilidad_lag1	0.000997748994945853	0.00198801292352345	0.00543002025483746
mv_Fvencimiento_lag1	0.000980576016291551	0.00229056046519509	0.00498470113340899
mv_status07_delta1	0.000975179811615085	0.000363528984329286	0.00015801646244236
ccaja_seguridad	0.000947344625723483	0.00476268574283132	0.000833177711059716
mv_fechaalta	0.000947125842430465	0.00157918012921754	0.00423771422004511
Visa_fechaalta	0.000945398152167494	0.00168786906357875	0.00416588855529858
mv_fechaalta_mean6	0.000943242327199041	0.00234854716806335	0.00452501687903122
Visa_mfinanciacion_limite	0.000911644125342516	0.00172912698382444	0.0039647766940083
mactivos_margen_delta1	0.000886679308769832	0.00253312724314326	0.00402223722580553
Master_fechaalta_lag1	0.000877258958181981	0.00181756503455491	0.00455374714492983
internet_mean6	0.000865612367556252	0.0034311789325536	0.0031603292488472
mpasivos_margen_lag1	0.000860211042485225	0.00270028813174498	0.00406533262465344
ctransferencias_emitidas_mean6	0.000849666157003914	0.00211528453790217	0.00267191472857081
Visa_mfinanciacion_limite_mean6	0.000842967775471962	0.00158804007133105	0.00308850358410067
mpayroll_mean6	0.000840182098725227	0.00232031289601973	0.00140778302903193
mv_fechaalta_lag1	0.000838302029008705	0.00168095126711255	0.00376366483271803
mvr_mpagominimo	0.000835492342038497	0.00230803133884952	0.00170945082096735
Visa_mpagominimo_mean6	0.000831704342719218	0.00253967882076367	0.00310286871704998
mv_mlimitecompra_mean6	0.000813278576744989	0.00152941305556181	0.0023846120695847
Visa_delinquency	0.000791872202982225	0.000493654947005451	0.000229842127188887
cmobile_app_trx_mean6	0.00076707149115599	0.0031895469323899	0.00353382270552914
mrentabilidad_delta1	0.00076489402050103	0.00200237496554799	0.00413715828939997
Visa_mconsumospesos_mean6	0.00076092552349675	0.00177930117000363	0.00416588855529858
Master_mfinanciacion_limite	0.000750582491234713	0.00218180889813796	0.00373493456681942
ccajas_trx_mean6	0.000746201505238605	0.00327818823533989	0.00268627986152012
mpasivos_margen_delta1	0.000743924197280581	0.00212710015038068	0.00356255297142775
mvr_msaldopesos2_mean6	0.000743520813172016	0.00217506721812376	0.00360564837027567
mvr_Master_mlimitecompra	0.00074181509321173	0.00306283574382064	0.00336144111013747
mv_mfinanciacion_limite_mean6	0.000729315103301776	0.00115930718209787	0.00267191472857081
mvr_Visa_mlimitecompra_mean6	0.000729072044291109	0.00339764505271294	0.00354818783847845
ccajas_extracciones_mean6	0.000725249531999873	0.00453584250793836	0.00235588180368609
mv_status07_mean6	0.000720468163644084	0.00013388149209351	0.000330398057834025
ccallcenter_trx_delta1	0.000716625321953114	0.00125725073257101	0.00129286196543749
Visa_mlimitecompra_mean6	0.000711615621678898	0.00150002281502364	0.00291612198870901
mcaja_ahorro_dolares_lag1	0.000709582545649646	0.00184324915253539	0.00275810552626665
mcaja_ahorro_dolares	0.000708145844885445	0.00381685032313245	0.0026288193297229
mtarjeta_master_consumo	0.000703038306554085	0.00113654992648268	0.000459684254377774
tcallcenter_mean6	0.000702370464051289	0.00307002398583547	0.00209730941059859
mvr_msaldopesos2	0.000693784484611627	0.00179191937791441	0.00245643773433123
ctarjeta_debito_mean6	0.000680941477758057	0.00312464228103433	0.00278683579216526
cliente_vip_lag1	0.000673969866808501	0.000187824129484106	0.000272937526036804
mv_mpagominimo_mean6	0.0006710649312797	0.00184263422715921	0.00215476994239582
Visa_mlimitecompra	0.000669961898732008	0.0014886133269314	0.00298794765345553
Visa_mpagospesos	0.000669305300393158	0.00179664198960136	0.00255699366497637
mvr_msaldopesos_lag1	0.000665508068578522	0.00172792860144114	0.00147960869377846
ccajas_consultas_mean6	0.000661527173692742	0.00547445107226133	0.00255699366497637
tpaquete7_mean6	0.000654537029080945	0.00341527364826546	0.00094809877465416
Visa_delinquency_mean6	0.000649254383552942	0.000368668437890525	0.000588970450921523
mvr_mpagominimo_delta1	0.000627696852071663	0.00123272539547557	0.00142214816198124
mvr_mpagospesos	0.000623239276472585	0.00149125560578515	0.0013215922313361
mvr_Master_mlimitecompra_lag1	0.000615817664670024	0.00334465292729134	0.00284429632396248
Master_mlimitecompra	0.000615742132153526	0.00202768214719466	0.00287302658986109
cplazo_fijo_mean6	0.000614087295741061	0.00222227113991173	0.000703891514515967
Visa_msaldototal_mean6	0.000607830859588572	0.00214915628465224	0.00218350020829443
internet	0.000607508359484955	0.00110531133731996	0.00107738497119791
mvr_mpagominimo_lag1	0.000600614044773469	0.000885395248191261	0.00117794090184305
Visa_mconsumosdolares_mean6	0.000597298109713144	0.000978722677762623	0.00251389826612845
mvr_Master_mlimitecompra_mean6	0.00059706467493631	0.00155773511979449	0.00328961544539095
Visa_mlimitecompra_lag1	0.000595226103547048	0.00105893441035188	0.00268627986152012
Master_mfinanciacion_limite_mean6	0.000584948488310625	0.0015254924312227	0.00304540818525275
Master_msaldototal	0.000582774295520204	0.000525632282735674	0.000804447445161105
ccomisiones_otras	0.000577174881169426	0.00140872129472932	0.00216913507534512
Visa_mpagado_mean6	0.000575948420373163	0.00213771631632814	0.00191056268225762
ctarjeta_debito_trx_mean6	0.000562791602524236	0.00226168230775449	0.00267191472857081
Master_mfinanciacion_limite_lag1	0.00056262566060801	0.00326773822846194	0.00277247065921595
Visa_mpagospesos_lag1	0.000559001322786694	0.00202966609864629	0.0026431844626722
mcomisiones_lag1	0.000551577516559255	0.00114138853027397	0.00305977331820206
chomebanking_trx_lag1	0.00055119923118288	0.00113392847452055	0.00340453650898539
mv_mpagominimo_delta1	0.000547140711690028	0.00274361376707203	0.00166635542211943
mv_mpagospesos_mean6	0.000544246306568501	0.00223147236940955	0.00206857914469998
Visa_mconsumospesos	0.000539085750569709	0.00183125803168932	0.00268627986152012
mvr_msaldototal	0.00052855854394822	0.000784006747421547	0.000962463907603465
mtransferencias_recibidas_lag1	0.00052189682474827	0.00206717593850885	0.00206857914469998
Master_fultimo_cierre	0.000519708958506924	0.0015450728257628	0.00287302658986109
mvr_Visa_mlimitecompra_lag1	0.000518959607958441	0.00182377251240054	0.00254262853202706
mvr_Visa_mlimitecompra	0.000517253189337896	0.00130511336181386	0.00274374039331734
Visa_msaldopesos_mean6	0.000516877138053866	0.00121453941453572	0.00212603967649721
mvr_mconsumospesos_mean6	0.000515553229061029	0.00165483609328433	0.00254262853202706
mautoservicio_mean6	0.000513587868222864	0.00178975854990525	0.00231278640483818
mvr_mpagospesos_mean6	0.000513155855073708	0.0016546671978349	0.00229842127188887
Visa_mfinanciacion_limite_lag1	0.000510550067557502	0.00108825244086442	0.00241334233548332
Master_cconsumos_mean6	0.000505986887379318	0.00186882518350907	0.00239897720253401
Visa_msaldopesos	0.000502859215202931	0.00118432826002193	0.00198238834700415
Master_mlimitecompra_mean6	0.000495059839672983	0.00116996097326921	0.00268627986152012
Master_mfinanciacion_limite_delta1	0.00049260321862892	0.00642509940418447	0.000876273109907632
mtarjeta_visa_debitos_automaticos	0.000492234592341982	0.00311212927172932	0.00175254621981526
mcomisiones_mantenimiento_lag1	0.00048974812616429	0.00434305549740833	0.00198238834700415
mcomisiones_otras_lag1	0.000489531005931812	0.0010423334014694	0.00298794765345553
mcomisiones_otras_delta1	0.000477890475405231	0.00181153336911906	0.00248516800022984
ccajas_depositos_mean6	0.000477013531129822	0.00423283593853535	0.00139341789608263
Master_mconsumospesos_mean6	0.000476828101170711	0.00153606793152415	0.00226969100599026
Visa_mpagominimo_delta1	0.000473132401415484	0.00141133035697127	0.00196802321405485
Visa_mconsumototal_mean6	0.000467796256592449	0.000988233726275686	0.00226969100599026
ccaja_seguridad_lag1	0.000467779261031634	0.000283413329079402	0.000143651329493054
ccomisiones_otras_lag1	0.000467165661475958	0.00115516506300645	0.00267191472857081
mplazo_fijo_dolares	0.000462302460162158	0.00189514809417946	0.000445319121428469
mvr_msaldototal_lag1	0.000459613902064342	0.00102011810109923	0.00123540143364027
cproductos_lag1	0.000453004533944306	0.00099305408753418	0.0018531021504604
mpayroll_sobre_edad_delta1	0.000451745047201746	0.00426325118138475	0.00155143435852499
Visa_mpagominimo_lag1	0.000451328443406847	0.00116874130793099	0.00188183241635901
cextraccion_autoservicio_mean6	0.000447752213194251	0.00130860285429466	0.0021116745435479
mvr_msaldopesos_mean6	0.00044539031507778	0.0010593832526691	0.00176691135276457
mcomisiones_delta1	0.000444593592585062	0.00156645869897539	0.00242770746843262
tmobile_app_delta1	0.000438711926709713	0.000373953907724649	0.000646430982718745
mpayroll_delta1	0.000436079913389104	0.00552047356201939	0.00179564161866318
Master_mpagospesos_mean6	0.000432536119860142	0.0017715909635193	0.00234151667073679
mtarjeta_visa_debitos_automaticos_delta1	0.000430775187468007	0.00199250461514949	0.00212603967649721
Master_mpagospesos	0.000429486545505919	0.000900443133438204	0.00107738497119791
mv_status05_mean6	0.000428818842307202	0.000240458093178573	0.000445319121428469
ctrx_quarter_normalizado_lag1	0.000426076679505889	0.000927694284985469	0.00215476994239582
mv_mfinanciacion_limite	0.000421542585694111	0.000734046911002655	0.00162326002327152
mtransferencias_emitidas_delta1	0.000418696963685565	0.00221757019123246	0.00228405613893957
mvr_msaldopesos	0.000414524116729251	0.00118637712448607	0.0013215922313361
mvr_msaldototal_mean6	0.000412920661473501	0.000852301697485858	0.00170945082096735
Master_fultimo_cierre_lag1	0.00041265411117998	0.00104783595744374	0.00224096074009165
Visa_mconsumospesos_lag1	0.000411415429041162	0.0019771400699375	0.00232715153778748
mtransferencias_recibidas_delta1	0.000411251617336733	0.00180781698513667	0.00232715153778748
mv_fultimo_cierre_lag1	0.00041049279955746	0.00108473277219396	0.00226969100599026
Visa_fultimo_cierre	0.000400338683429553	0.00105108312828063	0.00219786534124373
mcuenta_debitos_automaticos_mean6	0.000398674319557452	0.00212946567480986	0.00168072055506874
cmobile_app_trx_lag1	0.000396212158071282	0.00145822461176511	0.00255699366497637
cmobile_app_trx_delta1	0.000386983172185323	0.00153237579490826	0.00221223047419304
ccuenta_debitos_automaticos_mean6	0.000386817484302782	0.00280095232795232	0.00182437188456179
mvr_msaldopesos2_lag1	0.000386651159650383	0.00100280434125847	0.00196802321405485
Master_msaldopesos	0.000385242089582082	0.00302799547060045	0.00116357576889374
ccajas_consultas	0.000384640094056473	0.00386686541922359	0.000746986913363883
Master_mlimitecompra_lag1	0.000384335428316907	0.00110128232193185	0.00202548374585207
mprestamos_prendarios	0.000381463496662322	0.00964798844178905	0.00114921063594444
ctarjeta_visa_trx_lag1	0.000379913530248158	0.0009394483289158	0.00179564161866318
mtarjeta_visa_consumo_lag1	0.000377964784402566	0.00206761619163356	0.0015945297573729
mv_fultimo_cierre	0.000376596178490483	0.0010948253774503	0.0023846120695847
Visa_fultimo_cierre_lag1	0.000376262722565025	0.000894492951315489	0.00198238834700415
Visa_msaldopesos_lag1	0.000370884999343067	0.000948977163898334	0.00146524356082916
mextraccion_autoservicio_mean6	0.000361794455590173	0.000928420641832784	0.00166635542211943
mcomisiones_mantenimiento_delta1	0.00036106963909899	0.00196122133178143	0.00160889489032221
internet_delta1	0.000355999514814851	0.000756363533440372	0.000919368508755548
mforex_sell_mean6	0.000352908153233464	0.00251943721042043	0.00145087842787985
mvr_msaldodolares_mean6	0.00035284226559848	0.00220621588680193	0.00126413169953888
mtransferencias_emitidas	0.000350980920530298	0.00419236275124192	0.00169508568801804
cprestamos_personales_lag1	0.000346414915727119	0.000181564812441129	0.00031603292488472
Visa_mpagospesos_delta1	0.00034633106954884	0.00103784566239213	0.00192492781520693
Visa_cconsumos_lag1	0.00034527109083282	0.00107664669352357	0.00178127648571388
matm_mean6	0.000342424884383552	0.000969798962794894	0.00160889489032221
mv_status04_mean6	0.000339410844631847	0.000118063999994425	0.000258572393087498
mv_cconsumos_delta1	0.000338507370126418	0.00243377772546576	0.00135032249723471
mvr_mconsumosdolares_mean6	0.000336165262242854	0.000960048100986176	0.00160889489032221
mextraccion_autoservicio	0.000332931658399681	0.000489418726849052	0.000445319121428469
Master_mpagominimo	0.000332671721786923	0.000914207124429392	0.000876273109907632
Visa_mconsumosdolares	0.000324888261191588	0.00137002143364433	0.00145087842787985
Visa_cconsumos	0.000324450077893695	0.00115158154547122	0.00179564161866318
mv_mlimitecompra	0.000319884922588667	0.000648309895283623	0.00127849683248819
Master_mpagominimo_mean6	0.000317921411513254	0.000905295951202957	0.00137905276313332
mtarjeta_visa_debitos_automaticos_lag1	0.000317611623958923	0.00192443572047068	0.00147960869377846
cmobile_app_trx	0.000309269825484748	0.00115702519326676	0.00122103630069096
mv_mpagospesos_delta1	0.000307173176346601	0.000666218969777807	0.00113484550299513
catm_trx_mean6	0.000305399087700366	0.000973187969324235	0.00156579949147429
mplazo_fijo_dolares_mean6	0.000297852863715362	0.000623335335818185	0.000445319121428469
cseguro_accidentes_personales_mean6	0.00029573397144676	0.00192857191073894	0.00112048037004582
mpayroll_sobre_edad_lag1	0.000291808505100736	0.00103610646492212	0.00081881257811041
mv_mpagominimo_lag1	0.000291333683350195	0.000553807418568829	0.000919368508755548
mv_mfinanciacion_limite_lag1	0.00029076890644421	0.000467987247304489	0.00133595736428541
mvr_mpagospesos_delta1	0.000290196880894528	0.00114326720710928	0.00155143435852499
cpagomiscuentas_mean6	0.000286299452644234	0.00121541741243686	0.00163762515622082
Master_msaldototal_mean6	0.000283003709062943	0.000773910265626984	0.00126413169953888
mpagomiscuentas_mean6	0.000282490313018742	0.000828343627149673	0.00137905276313332
tmobile_app_mean6	0.000281997425959447	0.000741252863476405	0.00133595736428541
ccajas_otras_mean6	0.000281174401668889	0.0012769528960175	0.00117794090184305
mv_msaldopesos_mean6	0.000277104725993247	0.000870106257469257	0.00110611523709652
ctarjeta_visa_descuentos_mean6	0.00027040071959925	0.00670461742043901	0.000991194173502076
mv_mconsumosdolares_mean6	0.000269163557956922	0.000782252879914751	0.00113484550299513
mcuenta_debitos_automaticos_lag1	0.000266571221982174	0.000665461980677513	0.000991194173502076
Visa_msaldototal_lag1	0.000265715389642027	0.000532264659574238	0.00129286196543749
Master_mpagospesos_lag1	0.000265623529150954	0.000694524615730974	0.00124976656658957
active_quarter_mean6	0.000265185194865022	0.000427429080212464	0.00103428957234999
ccaja_ahorro_lag1	0.000263518217500006	0.000294409547793352	0.000416588855529858
mtarjeta_visa_consumo_mean6	0.000254507708587486	0.000572950220353591	0.00097682904055277
mvr_mpagado_mean6	0.000250918466853391	0.000892589038976483	0.000962463907603465
Visa_msaldototal_delta1	0.000250277416177877	0.000909348985925909	0.00133595736428541
Visa_msaldopesos_delta1	0.000249331017069621	0.00123183021918938	0.00133595736428541
minversion1_pesos	0.000247942767504231	0.00493789295658405	0.000488414520276385
ctarjeta_visa_trx_delta1	0.000247457541116221	0.00118114721836641	0.00110611523709652
Master_msaldototal_delta1	0.000246194010438282	0.001593499985385	0.00100555930645138
mv_msaldototal_lag1	0.000245517691919206	0.000500779188134406	0.000775717179262494
mvr_mconsumospesos	0.000245488915567199	0.000823703410902494	0.00107738497119791
ctarjeta_visa	0.000244045256936545	0.000166801586716287	4.30953988479163e-05
Master_status_mean6	0.000242677121992582	0.000602513004847752	0.000430953988479163
mtransferencias_emitidas_lag1	0.000241618986788586	0.000752858838848911	0.00109175010414721
mvr_mconsumototal_mean6	0.000240267738881397	0.000784659146000503	0.00113484550299513
Master_mpagominimo_delta1	0.000239709897474042	0.000724564670489293	0.000890638242856938
Visa_fultimo_cierre_delta1	0.000238556667368328	0.000258766527119784	0.000488414520276385
mv_mfinanciacion_limite_delta1	0.00023534748376368	0.00179436737379392	0.000689526381566661
ctransferencias_recibidas_lag1	0.000235070517692485	0.00134034516539409	0.00107738497119791
tpaquete7	0.000232365981200358	0.000612589191824584	0.000229842127188887
mv_mlimitecompra_lag1	0.000229141000061848	0.000486389858321236	0.00101992443940069
ctarjeta_debito_trx	0.000220594148534157	0.000415614379860601	0.000545875052073607
Master_mpagospesos_delta1	0.000220032901457749	0.000670567001458108	0.00103428957234999
mtarjeta_visa_consumo_delta1	0.00021911096447581	0.000646237923611275	0.00097682904055277
ctransferencias_recibidas	0.000218030265470081	0.00249726576813951	0.000919368508755548
mv_mconsumospesos_mean6	0.000217214397164121	0.000855917367485134	0.00126413169953888
Visa_mconsumosdolares_lag1	0.000216661117165329	0.00103429703370087	0.00114921063594444
Master_delinquency	0.000216233814936961	0.000338861887551937	0.000244207260138193
mvr_msaldopesos2_delta1	0.000215798295213288	0.000762711706820155	0.0013072270983868
Visa_cconsumos_delta1	0.000213611834712326	0.000857890601448748	0.00127849683248819
mprestamos_hipotecarios_mean6	0.00021143537420669	0.00656414041662529	0.000675161248617356
mextraccion_autoservicio_lag1	0.000210030519403666	0.000678538228182461	0.00081881257811041
mautoservicio_lag1	0.000209403225600212	0.000475537223542465	0.000933733641704854
Master_msaldopesos_mean6	0.000203527458283422	0.000628063268243869	0.00112048037004582
ccallcenter_trx_lag1	0.000202191457982885	0.00194046877849892	0.000861907976958327
Visa_mpagosdolares_mean6	0.000199492426026759	0.000661566819873761	0.00094809877465416
mv_status04_delta1	0.000198321166788296	0.00142053933954553	0.000531509919124302
matm_other_mean6	0.00019592837661252	0.00053947942927217	0.000861907976958327
mv_mpagospesos_lag1	0.000192650662831717	0.000594870143713646	0.00081881257811041
ccajas_consultas_delta1	0.000191726249175203	0.0015023164334694	0.000660796115668051
ccheques_depositados_mean6	0.000190273326028279	0.00163104897068251	0.000402223722580553
Visa_mconsumototal_lag1	0.000188674144377312	0.000652536234068095	0.000804447445161105
mvr_mconsumosdolares	0.000186577865125785	0.000388550138263896	0.000545875052073607
mv_mpagado_mean6	0.000186089391319938	0.000692250455986853	0.000847542844009021
ctarjeta_debito_trx_lag1	0.000185386929861067	0.000782051908011831	0.00100555930645138
mvr_msaldodolares2_mean6	0.000184939942064912	0.000689258072524621	0.000847542844009021
mpagomiscuentas_lag1	0.000183036353926987	0.000533836861858652	0.000689526381566661
Master_mconsumototal_mean6	0.000182121015927851	0.000565834492406606	0.000761352046313189
mvr_msaldopesos_delta1	0.000181753190060326	0.000825327832437024	0.0010486547052993
Master_msaldototal_lag1	0.00018086429375317	0.000351667309455485	0.000560240185022912
internet_lag1	0.000179250565579971	0.000426543633277096	0.000660796115668051
mv_cconsumos_lag1	0.000178151784846691	0.00218249299311765	0.000861907976958327
mv_fultimo_cierre_delta1	0.000177694615507432	0.000311823337522247	0.000502779653225691
Master_mpagominimo_lag1	0.000176510989352691	0.000433955422329177	0.000588970450921523
mtarjeta_master_consumo_lag1	0.000176177320347148	0.000262145956319409	0.000517144786174996
Visa_msaldodolares_mean6	0.000173497632444561	0.000874408606807026	0.000775717179262494
Visa_mconsumototal	0.000172434317012029	0.000405832505746138	0.000718256647465272
ctarjeta_debito_trx_delta1	0.000171429292992952	0.00220176364465305	0.0010486547052993
mvr_mconsumospesos_lag1	0.000171355519869897	0.000503756521507085	0.000861907976958327
Visa_mconsumospesos_delta1	0.000169934722117814	0.000981526935105444	0.00123540143364027
cpayroll_trx_lag1	0.000169102826729159	0.000228018510068048	0.000143651329493054
mvr_mpagospesos_lag1	0.000168262656073683	0.000481752606485636	0.000905003375806243
mv_cconsumos	0.000164290528485314	0.000707566506465831	0.000675161248617356
ctarjeta_debito	0.000163320891095565	0.000522032574952591	0.000732621780414578
mautoservicio_delta1	0.000162435664568681	0.000538393694528863	0.000991194173502076
mv_msaldopesos_lag1	0.000157704068370509	0.000345423650586487	0.000646430982718745
catm_trx_other_mean6	0.0001554213105825	0.000567073464425362	0.000689526381566661
cforex_mean6	0.000155215403563339	0.000560260030448843	0.000732621780414578
mplazo_fijo_dolares_delta1	0.000154218514940358	0.00280039828702933	0.000574605317972218
ccuenta_debitos_automaticos	0.00015327537730778	0.0005419911980059	0.000517144786174996
Master_mconsumospesos	0.000153139633484032	0.000479483919501353	0.000746986913363883
Visa_Fvencimiento_delta1	0.000152816261301266	0.000148622370715682	0.000272937526036804
Master_fultimo_cierre_delta1	0.00015216596449123	0.000212586163442524	0.000416588855529858
tmobile_app_lag1	0.000149304404018853	0.000274955178750622	0.000517144786174996
Master_mconsumospesos_lag1	0.000148588420943701	0.00032386576549179	0.000761352046313189
mvr_msaldototal_delta1	0.000147221008672226	0.000837820622934858	0.000746986913363883
mv_mconsumototal	0.000146918284437216	0.000272889287922538	0.000215476994239582
mv_mconsumospesos_lag1	0.000146540354863369	0.000367497799359183	0.000574605317972218
mvr_mconsumospesos_delta1	0.000146123187444258	0.00121022771589989	0.000876273109907632
mdescubierto_preacordado_lag1	0.000146122499353517	0.000156471220449226	0.000229842127188887
mextraccion_autoservicio_delta1	0.000144949731575794	0.000483793793883899	0.000861907976958327
ctarjeta_master_trx_mean6	0.000142472625029789	0.000440885912557775	0.000646430982718745
mcheques_depositados_mean6	0.000140713626577054	0.00207958443330308	0.000459684254377774
cforex_sell_mean6	0.000140675300447629	0.000818641108052853	0.00081881257811041
Visa_mconsumosdolares_delta1	0.000139728245058726	0.000438142007594273	0.000718256647465272
matm_lag1	0.000138996896470971	0.00039973129065402	0.000732621780414578
thomebanking_delta1	0.00013808126882199	0.000435975174751409	0.000574605317972218
tcuentas_lag1	0.000137731383747015	0.00661470134449966	0.000775717179262494
mcuenta_debitos_automaticos_delta1	0.000134875556710927	0.00071436610652165	0.000761352046313189
mv_mconsumospesos_delta1	0.000134019445509126	0.000835660022957364	0.000560240185022912
Master_msaldopesos_lag1	0.00013347792191733	0.000550264338647953	0.000660796115668051
ctransferencias_recibidas_delta1	0.000133381338631794	0.000705982750577316	0.000718256647465272
ctarjeta_visa_debitos_automaticos_lag1	0.000131559851270387	0.000625433531131421	0.000545875052073607
ctransferencias_emitidas_delta1	0.000130525111818202	0.00124909054361116	0.000890638242856938
Master_msaldopesos_delta1	0.000129698563539142	0.000425060211318934	0.000833177711059716
mtarjeta_master_consumo_mean6	0.000126240454399047	0.000181571805412033	0.000430953988479163
ccomisiones_otras_delta1	0.000124447317133889	0.000324194739166463	0.000732621780414578
mvr_mconsumosdolares_lag1	0.00012168862649895	0.000679313155773334	0.000646430982718745
ctarjeta_visa_debitos_automaticos_delta1	0.000120468408852099	0.000637766091382902	0.000588970450921523
Master_Finiciomora_mean6	0.000119486939821471	0.000356072881124632	0.000502779653225691
ctarjeta_debito_lag1	0.000118587608749542	0.000308401570444434	0.000517144786174996
mv_mconsumosdolares	0.000117009985821902	0.000937946968467059	0.00047404938732708
cextraccion_autoservicio_lag1	0.000115458024211779	0.000812092266812363	0.000646430982718745
ctarjeta_master_trx	0.000115409894438571	0.000220853147229759	0.000172381595391665
mttarjeta_master_debitos_automaticos_mean6	0.000114424766907147	0.000484438667418078	0.000560240185022912
matm_delta1	0.000112865549010572	0.000314953528117608	0.000588970450921523
mv_msaldototal_delta1	0.000112813729902104	0.000452671880920491	0.000617700716820134
mv_msaldodolares_mean6	0.00011175255515926	0.000732061743382173	0.000445319121428469
ctarjeta_master_debitos_automaticos_mean6	0.000110991358926111	0.000487217917288864	0.000445319121428469
Visa_mpagado	0.000110610399001366	0.00108361754535597	0.000646430982718745
mv_status06_mean6	0.000109927150699831	0.000106826903837073	0.000186746728340971
ccajas_otras	0.000109189533596538	0.00126171384422901	0.000201111861290276
thomebanking_lag1	0.000108982910086502	0.000448414833872487	0.000488414520276385
mv_mconsumototal_mean6	0.000107554974876762	0.000672120657167518	0.000660796115668051
ctransferencias_emitidas_lag1	0.000106443011866396	0.000428755920430832	0.000517144786174996
Master_mconsumospesos_delta1	0.000105863256630141	0.000337542268336132	0.000459684254377774
ccajas_trx_lag1	0.000105590925949972	0.000415572726077394	0.000344763190783331
mpagomiscuentas_delta1	0.00010551802873371	0.000400970490704436	0.000560240185022912
Master_mpagosdolares_mean6	0.00010458805823483	0.00161495730851768	0.00047404938732708
Master_delinquency_mean6	0.000103594947114033	0.000158977668444225	0.000201111861290276
cseguro_vida_mean6	0.000103143912658845	0.000534089748969474	0.00047404938732708
mv_msaldopesos_delta1	0.000102051791485689	0.000357586783314667	0.00047404938732708
Master_mlimitecompra_delta1	0.000102016340383525	0.000421198723190293	0.000258572393087498
ccajas_otras_delta1	0.000101965785423733	0.000734367903569232	0.000143651329493054
mforex_buy_mean6	9.90529986406913e-05	0.00158737566308467	0.00047404938732708
Visa_mfinanciacion_limite_delta1	9.88513965376345e-05	0.000282200428680427	0.000416588855529858
Visa_mconsumototal_delta1	9.75736639488149e-05	0.00028454771057682	0.000646430982718745
mtarjeta_master_consumo_delta1	9.67022246163028e-05	0.000259354012686223	0.000459684254377774
mvr_mpagosdolares_mean6	9.55302773692838e-05	0.000486684095173052	0.000502779653225691
mv_mconsumosdolares_delta1	9.54223264795507e-05	0.000356804178657912	0.000545875052073607
mvr_mconsumototal_delta1	9.22885429134495e-05	0.000533585799001109	0.000445319121428469
mv_mconsumosdolares_lag1	9.17303871290678e-05	0.000446230746634024	0.00047404938732708
ctarjeta_visa_debitos_automaticos	9.12010322025218e-05	0.000327867037027946	0.000359128323732636
Master_cconsumos_lag1	9.00133729135251e-05	0.000218876112738481	0.000459684254377774
ccomisiones_mantenimiento_lag1	8.93668111673774e-05	0.000171233077984109	0.000229842127188887
ctransferencias_emitidas	8.93577157606903e-05	0.000345160426040416	0.000387858589631247
Master_cconsumos	8.79612569543224e-05	0.000190398834955967	0.000387858589631247
ccajas_trx_delta1	8.68800244235585e-05	0.000415621372831504	0.00031603292488472
mv_mconsumospesos	8.61339462292008e-05	0.00041623850251373	0.000488414520276385
catm_trx_lag1	8.4900739047701e-05	0.000290017582013245	0.000402223722580553
mvr_mpagado_lag1	8.30687653048624e-05	0.000492697746107771	0.000373493456681942
cextraccion_autoservicio_delta1	8.189769086278e-05	0.000268352750070058	0.000402223722580553
Visa_madelantodolares_mean6	7.59276826896836e-05	2.23934691071011e-06	1.43651329493054e-05
mv_mlimitecompra_delta1	7.54946193260247e-05	0.000170900835855644	0.000258572393087498
Master_mconsumosdolares_mean6	7.48746994021887e-05	0.000310327905896663	0.000387858589631247
mvr_mconsumototal_lag1	7.27160987671303e-05	0.000190654078393941	0.000387858589631247
ctarjeta_debito_delta1	7.18722519844866e-05	0.00360407694569715	0.000359128323732636
Master_mconsumototal_lag1	7.16604723398356e-05	0.00011432526890936	0.000258572393087498
cpagomiscuentas	7.12732118987894e-05	0.000167314657951048	0.000301667791935414
cextraccion_autoservicio	7.12532122549586e-05	0.000197745102911105	0.000201111861290276
mvr_msaldodolares2_delta1	7.07329469507158e-05	0.00143350590382207	0.000330398057834025
mv_mpagado_lag1	7.03350903249368e-05	0.000280979167120589	0.000287302658986109
mvr_msaldodolares_lag1	6.96589336692563e-05	0.00047954837645055	0.00031603292488472
mforex_sell_lag1	6.96317378369503e-05	0.000291971129243555	0.000258572393087498
Visa_mlimitecompra_delta1	6.94171208139412e-05	0.000170671588026897	0.000229842127188887
Master_cconsumos_delta1	6.86212130411075e-05	0.00019354704005246	0.000344763190783331
tpaquete9	6.844548369884e-05	0.000389639521513762	0.000172381595391665
cseguro_vivienda_mean6	6.61879366082319e-05	0.000300534098125332	0.000287302658986109
Visa_mpagosdolares	6.55793805258306e-05	0.000236825396815359	0.000172381595391665
cpagomiscuentas_delta1	6.46182965113725e-05	0.000342678453443579	0.000373493456681942
cpayroll_trx_delta1	6.38642671985051e-05	0.00018759396952872	0.000244207260138193
mvr_mconsumototal	6.33564942581775e-05	0.000223628064499007	0.000387858589631247
ctarjeta_master_trx_lag1	6.29506874197534e-05	0.000141546244266966	0.000272937526036804
ccuenta_debitos_automaticos_delta1	6.25653319696145e-05	0.000989350093271972	0.000416588855529858
mv_mconsumototal_delta1	6.16172376635816e-05	0.000282375633005778	0.000287302658986109
mv_mpagosdolares_mean6	6.14966985611019e-05	0.000171808629893681	0.000272937526036804
mv_status03_mean6	6.12979472366247e-05	9.12527975296488e-05	0.000201111861290276
mv_mconsumototal_lag1	6.0083049004933e-05	0.000190482978638468	0.000301667791935414
mvr_mpagado	6.00083076470272e-05	0.000411783067921619	0.000344763190783331
mvr_mconsumosdolares_delta1	5.96176613270114e-05	0.000258808256913544	0.00031603292488472
catm_trx_delta1	5.9348131424937e-05	0.000148322053019602	0.00031603292488472
mcheques_emitidos_mean6	5.92376685876574e-05	0.000494116939148396	0.000272937526036804
mvr_mpagosdolares_delta1	5.81607354649386e-05	0.000541554061313884	0.000215476994239582
Master_mconsumototal	5.62216703083551e-05	0.00015488123169534	0.000301667791935414
ccuenta_debitos_automaticos_lag1	5.54854532831064e-05	0.00028423933576209	0.000244207260138193
cliente_vip_delta1	5.50416208577588e-05	8.93463008318303e-05	7.18256647465272e-05
Visa_msaldodolares_delta1	5.49278190619635e-05	0.000256108210039295	0.000301667791935414
mttarjeta_master_debitos_automaticos_lag1	5.31007776525826e-05	0.000314023462987455	0.00031603292488472
active_quarter_lag1	5.12520425974813e-05	9.65904866138888e-05	0.000186746728340971
mv_mpagado_delta1	5.0712195258838e-05	0.000284442359949949	0.000258572393087498
mv_status06_delta1	5.06710754108074e-05	0.000312507432501928	0.000129286196543749
Master_mpagado_mean6	5.05619323539799e-05	0.000171522754202727	0.000201111861290276
mvr_msaldodolares2	5.05086227680238e-05	0.000174174534375632	0.000186746728340971
mtarjeta_visa_descuentos_mean6	5.01563277301059e-05	0.000449288803214307	0.00031603292488472
Master_fechaalta_delta1	4.99499187514569e-05	0.000128898620272064	0.000186746728340971
Master_Fvencimiento_delta1	4.9238940442404e-05	0.000158940955346982	0.000172381595391665
Visa_mpagado_delta1	4.90698259806796e-05	0.000216661165215379	0.000301667791935414
tpaquete9_mean6	4.89067793624701e-05	0.000322162216971277	0.000215476994239582
ctarjeta_master_trx_delta1	4.76211473412918e-05	8.86584813350373e-05	0.00015801646244236
tcallcenter_lag1	4.74525122163656e-05	0.000519714481108665	0.000201111861290276
catm_trx	4.73996923378964e-05	0.000177097292171044	0.000201111861290276
matm	4.73807861135619e-05	0.000183406472136985	0.000258572393087498
mcaja_ahorro_adicional	4.68750715197149e-05	0.00105738204682187	0.000287302658986109
mcaja_ahorro_adicional_lag1	4.51674436497344e-05	0.000330346729308184	0.000215476994239582
mvr_mpagado_delta1	4.50392146684105e-05	0.000371973984832345	0.00031603292488472
cpagomiscuentas_lag1	4.34205092396348e-05	0.000189385006196079	0.000229842127188887
Visa_mpagado_lag1	4.23421793781515e-05	0.000191730767881407	0.000287302658986109
ccajas_trx	4.23081275182986e-05	0.000455739970893808	0.000129286196543749
matm_other_delta1	4.21449703846064e-05	0.000121156565365904	0.000229842127188887
mv_status01_delta1	4.09719147729687e-05	0.00017603952931135	0.000229842127188887
Master_msaldodolares	4.05450063120754e-05	6.36646151890611e-05	0.000186746728340971
Master_mconsumototal_delta1	4.0300222437438e-05	0.000116095098632349	0.000258572393087498
ccajas_extracciones_delta1	4.0158168039004e-05	5.38611540774615e-05	0.000114921063594444
Visa_mpagosdolares_delta1	3.9720518686072e-05	0.000199031733546779	0.000201111861290276
mv_Fvencimiento_delta1	3.91013439768726e-05	0.000419786523120571	0.000287302658986109
mvr_msaldodolares_delta1	3.82370560027649e-05	0.000381566516658543	0.000229842127188887
ccajas_extracciones_lag1	3.71484130195154e-05	5.64871666727981e-05	7.18256647465272e-05
mv_mpagado	3.71130440909599e-05	0.000423047147825392	0.000186746728340971
Master_cadelantosefectivo_mean6	3.70316278784294e-05	8.71800000628394e-05	7.18256647465272e-05
Visa_fechaalta_delta1	3.58506517634011e-05	3.08089015049273e-05	8.61907976958327e-05
mv_status06	3.47695578701024e-05	8.57941756551117e-05	0.000143651329493054
mvr_msaldodolares2_lag1	3.31027539635488e-05	0.000211773002543343	0.000172381595391665
cseguro_vivienda_lag1	3.30083498265619e-05	6.55600143460981e-05	0.000114921063594444
mv_status05	3.27636718442102e-05	3.61319965629341e-05	8.61907976958327e-05
tpaquete9_lag1	3.15911981159842e-05	0.000185574065085381	0.000129286196543749
cforex_buy_mean6	3.15788920095218e-05	0.000373171531099553	0.000186746728340971
Master_status_delta1	3.13519577057719e-05	8.30200184913974e-05	8.61907976958327e-05
Master_Finiciomora	3.10715575193547e-05	0.000149424130031869	0.000114921063594444
mcaja_ahorro_adicional_mean6	2.95731074638432e-05	0.000425769845844523	0.00015801646244236
Visa_msaldodolares	2.94634817740392e-05	0.000136529851791516	0.000229842127188887
matm_other	2.92908710021939e-05	0.000148541571497527	0.000129286196543749
ccajas_depositos_lag1	2.91234940589262e-05	0.000728586160832626	0.000114921063594444
mvr_mpagosdolares	2.87734172913113e-05	0.000242816092562981	0.000100555930645138
tcuentas_mean6	2.72204117908661e-05	6.6637691970756e-06	2.87302658986109e-05
ctarjeta_master_descuentos_mean6	2.69152165354469e-05	5.6817812579644e-05	7.18256647465272e-05
mv_fechaalta_delta1	2.67035140576764e-05	4.18162177596594e-05	0.000100555930645138
mv_status04_lag1	2.65077604565336e-05	4.82077931653751e-05	0.000114921063594444
cseguro_accidentes_personales_lag1	2.65044660548682e-05	7.64457897261068e-05	8.61907976958327e-05
Visa_status_delta1	2.63829677440398e-05	6.26011515378698e-05	0.000114921063594444
ccajas_extracciones	2.5709975802356e-05	2.55135502988742e-05	7.18256647465272e-05
ctarjeta_master_mean6	2.57077028886924e-05	3.32988552098607e-05	0.000100555930645138
mcheques_depositados_rechazados_mean6	2.45798985483914e-05	0.00013614896290894	0.000129286196543749
ctarjeta_visa_mean6	2.4534828990391e-05	6.64684924791148e-05	7.18256647465272e-05
ctarjeta_visa_descuentos_delta1	2.43843435818071e-05	9.50235290576521e-05	0.000143651329493054
cseguro_vivienda	2.37621102996443e-05	7.38381716846682e-05	8.61907976958327e-05
mttarjeta_master_debitos_automaticos_delta1	2.32685016220249e-05	0.000250300319672354	0.000215476994239582
Visa_delinquency_delta1	2.14234608815158e-05	0.000115269395991874	8.61907976958327e-05
mv_msaldodolares_lag1	2.13470401791942e-05	4.75797939740277e-05	7.18256647465272e-05
ctarjeta_master_debitos_automaticos_delta1	2.10277859050018e-05	0.000173901124415419	0.000114921063594444
matm_other_lag1	2.06072128305358e-05	6.81700647252421e-05	0.000114921063594444
ccheques_emitidos_mean6	2.0510410934209e-05	0.000289247747129444	0.000114921063594444
Master_status_lag1	2.04786422213676e-05	5.98648476296979e-05	5.74605317972218e-05
ccajas_consultas_lag1	2.03968472054779e-05	5.58463216979433e-05	8.61907976958327e-05
mprestamos_prendarios_lag1	2.03052798857976e-05	0.000130971428060499	2.87302658986109e-05
Visa_msaldodolares_lag1	2.01574343392127e-05	0.000173812344089167	0.000114921063594444
mvr_msaldodolares	1.94227467464389e-05	0.000138174948196543	0.000100555930645138
catm_trx_other	1.89927274619095e-05	0.000286950556187674	0.000100555930645138
mttarjeta_master_debitos_automaticos	1.88350488571259e-05	7.92571920609371e-05	0.000100555930645138
mv_mpagosdolares_delta1	1.86053245371264e-05	0.000127983833263124	0.000143651329493054
catm_trx_other_delta1	1.80044441878359e-05	7.29290854672251e-05	0.000129286196543749
mv_status02_lag1	1.77355897335273e-05	6.91590380342014e-05	7.18256647465272e-05
mv_status03_delta1	1.74953631348116e-05	0.000109873786866021	7.18256647465272e-05
mv_msaldodolares	1.74291425849032e-05	3.3960755107979e-05	5.74605317972218e-05
mforex_sell	1.69312634978643e-05	6.49867427531251e-05	5.74605317972218e-05
cprestamos_hipotecarios_mean6	1.66367594085435e-05	0.000839205991279266	8.61907976958327e-05
minversion2	1.62964805193228e-05	0.00158688714325863	0.000172381595391665
minversion2_mean6	1.60556852012711e-05	0.000609049532378607	8.61907976958327e-05
mtarjeta_visa_descuentos_delta1	1.5586110140394e-05	9.84095711754147e-05	0.000100555930645138
ccajas_depositos_delta1	1.55745974544456e-05	4.78692421609862e-05	7.18256647465272e-05
mcheques_emitidos_rechazados_mean6	1.54517501504926e-05	0.000109747533336993	5.74605317972218e-05
Master_mpagosdolares	1.53953687630275e-05	1.32547962946451e-05	5.74605317972218e-05
ctarjeta_master_descuentos_delta1	1.53660345525636e-05	3.07594186347303e-05	4.30953988479163e-05
mv_msaldodolares_delta1	1.5159323424965e-05	7.07981296055178e-05	8.61907976958327e-05
Master_msaldodolares_mean6	1.49651171563689e-05	2.6947869439606e-05	8.61907976958327e-05
Master_mpagado	1.48026461420665e-05	8.01858890011311e-05	8.61907976958327e-05
cseguro_vida_lag1	1.46645487067288e-05	3.62196367308866e-05	4.30953988479163e-05
mcheques_depositados_delta1	1.45825033449262e-05	0.00028143599054591	0.000143651329493054
mvr_mpagosdolares_lag1	1.44967375094991e-05	4.55803363695258e-05	7.18256647465272e-05
cliente_edad_delta1	1.44524927441498e-05	7.23013903180908e-05	0.000114921063594444
ccheques_emitidos_rechazados_mean6	1.36232806426292e-05	0.000120661508632275	5.74605317972218e-05
mv_status07_lag1	1.33587332973107e-05	2.92609465870151e-05	7.18256647465272e-05
mforex_sell_delta1	1.31222745723158e-05	0.000151096894278296	0.000129286196543749
cinversion2_mean6	1.30983075307781e-05	4.75100922966535e-05	5.74605317972218e-05
Visa_mpagosdolares_lag1	1.28500621250112e-05	5.30354514369861e-05	7.18256647465272e-05
ctarjeta_visa_descuentos_lag1	1.28484907830344e-05	8.79385853847527e-05	2.87302658986109e-05
mcheques_emitidos_lag1	1.26686901929877e-05	1.28894895754953e-05	2.87302658986109e-05
ctarjeta_master_lag1	1.26557010996738e-05	3.01427450158243e-05	4.30953988479163e-05
ccajeros_propios_descuentos_mean6	1.25125227807707e-05	4.0293726377102e-05	5.74605317972218e-05
tcallcenter_delta1	1.21178899109059e-05	3.36744233537057e-05	4.30953988479163e-05
Master_mpagado_lag1	1.18804824096161e-05	7.07247794215853e-05	7.18256647465272e-05
mplazo_fijo_dolares_lag1	1.16002386163409e-05	0.000190025091065401	7.18256647465272e-05
catm_trx_other_lag1	1.12417014706646e-05	4.14004400331198e-05	7.18256647465272e-05
mv_status03	1.11978424750655e-05	8.39164109464398e-06	1.43651329493054e-05
ccheques_emitidos_lag1	1.10810712572647e-05	2.61105371844761e-05	4.30953988479163e-05
cforex	1.10210435112417e-05	2.8099049269303e-05	2.87302658986109e-05
ctarjeta_master_debitos_automaticos	1.08847774419345e-05	3.52244305565569e-05	5.74605317972218e-05
mforex_buy	9.79096474194474e-06	2.45772523033504e-06	2.87302658986109e-05
ccajas_otras_lag1	9.46577547658812e-06	9.93488335825171e-06	2.87302658986109e-05
mv_mpagosdolares_lag1	9.31159797424142e-06	5.20205585293522e-05	5.74605317972218e-05
ccajas_depositos	9.14601868715199e-06	2.05577382344029e-05	2.87302658986109e-05
mv_madelantopesos_mean6	8.73976456784842e-06	0.000103037397702405	2.87302658986109e-05
Master_cadelantosefectivo_lag1	8.50004665594433e-06	2.55823398496088e-05	1.43651329493054e-05
cforex_buy_delta1	8.44452320993089e-06	0.00057517641743858	5.74605317972218e-05
Master_mconsumosdolares_delta1	8.34914896792068e-06	0.000130292881851208	4.30953988479163e-05
Master_mconsumosdolares_lag1	8.14511417348512e-06	3.85790043052542e-05	5.74605317972218e-05
minversion1_pesos_delta1	8.14456249609232e-06	3.65771903736001e-05	0.000100555930645138
mvr_Visa_mlimitecompra_delta1	8.05121605831464e-06	4.60747850187288e-05	5.74605317972218e-05
mv_status01_lag1	7.92319679341482e-06	0.000100992257755372	4.30953988479163e-05
cseguro_accidentes_personales	7.85118371270215e-06	2.82124570148235e-05	4.30953988479163e-05
Master_madelantopesos_mean6	7.59643700428164e-06	1.49925495641422e-05	4.30953988479163e-05
mtarjeta_visa_descuentos_lag1	7.52807407872242e-06	4.50736500212419e-05	2.87302658986109e-05
mprestamos_prendarios_mean6	7.49416797321599e-06	0.000149260859363385	0.000186746728340971
cforex_delta1	7.3080741393535e-06	3.76935573698867e-05	4.30953988479163e-05
mcajeros_propios_descuentos_mean6	7.18836601278145e-06	5.10496757320779e-05	2.87302658986109e-05
mv_status06_lag1	7.0948038272747e-06	5.41985649235509e-06	2.87302658986109e-05
mcheques_depositados	6.7826649968769e-06	0.000159044557731127	4.30953988479163e-05
ctarjeta_master_debitos_automaticos_lag1	6.68603993701089e-06	2.76978655689966e-05	2.87302658986109e-05
cplazo_fijo_lag1	6.59865427539524e-06	0.000198667414964822	2.87302658986109e-05
mcaja_ahorro_adicional_delta1	6.54689885213194e-06	8.81435098364439e-05	5.74605317972218e-05
cpagodeservicios_mean6	6.41586832962285e-06	3.29494346963501e-05	2.87302658986109e-05
Master_mpagado_delta1	6.37788438617213e-06	3.68791803018527e-05	4.30953988479163e-05
ctarjeta_master_descuentos_lag1	6.28817615782359e-06	4.21698948641546e-06	1.43651329493054e-05
ccheques_depositados	5.6975215731724e-06	9.60578806669302e-05	2.87302658986109e-05
ccheques_depositados_delta1	5.4619389858192e-06	3.33905239371379e-05	2.87302658986109e-05
active_quarter	5.33838157751919e-06	5.38420754285837e-06	1.43651329493054e-05
cforex_lag1	5.13226448671149e-06	1.52524296458678e-05	2.87302658986109e-05
cforex_sell_delta1	4.94059765468062e-06	2.14985208525713e-05	2.87302658986109e-05
Master_msaldodolares_delta1	4.50092299887125e-06	1.16205693987397e-05	1.43651329493054e-05
mvr_madelantopesos_mean6	4.37159311736268e-06	8.53986927463026e-05	2.87302658986109e-05
mv_status02_delta1	3.97189815916217e-06	2.62288856159609e-05	2.87302658986109e-05
mcheques_emitidos_rechazados_delta1	3.88154542859744e-06	1.7433628483305e-05	2.87302658986109e-05
cforex_sell_lag1	3.65916601666517e-06	1.62784200942832e-06	1.43651329493054e-05
mtarjeta_master_descuentos_mean6	3.53843406437614e-06	1.23799908367393e-05	1.43651329493054e-05
ccheques_depositados_lag1	3.19016874545885e-06	2.12226025440999e-05	1.43651329493054e-05
mv_cadelantosefectivo_mean6	3.12407948163205e-06	5.44891532688089e-05	1.43651329493054e-05
cseguro_vida_delta1	2.85062254291326e-06	5.49493211584745e-05	2.87302658986109e-05
minversion1_pesos_mean6	2.65438257904254e-06	7.44181322063314e-06	1.43651329493054e-05
mcajeros_propios_descuentos_lag1	2.5373956463868e-06	7.36321830852309e-06	1.43651329493054e-05
mcheques_emitidos	2.46626421155709e-06	0.000100553752873396	1.43651329493054e-05
mvr_Master_mlimitecompra_delta1	2.46244588117742e-06	2.79164719202814e-05	2.87302658986109e-05
Visa_madelantopesos_mean6	2.38276439353398e-06	1.45793561964147e-05	1.43651329493054e-05
cinversion1_mean6	2.37211675569118e-06	1.4325328927293e-05	1.43651329493054e-05
mcheques_emitidos_rechazados_lag1	2.3197952547099e-06	1.63844548161338e-05	2.87302658986109e-05
mprestamos_prendarios_delta1	2.20903718738694e-06	1.81119466609357e-05	1.43651329493054e-05
mv_mpagosdolares	2.1733520594834e-06	6.83091640377773e-06	1.43651329493054e-05
mtarjeta_visa_descuentos	2.02141366743955e-06	3.16853031844523e-05	2.87302658986109e-05
ctarjeta_visa_delta1	2.00633895819803e-06	8.1092618891422e-06	1.43651329493054e-05
mv_status05_lag1	1.96619159966027e-06	1.75001377174407e-05	1.43651329493054e-05
mtarjeta_master_descuentos_delta1	1.80953382831823e-06	7.36496655124894e-06	1.43651329493054e-05
mpagodeservicios_mean6	1.45869992152811e-06	2.12747457836622e-05	1.43651329493054e-05
tpaquete7_lag1	1.23285027084285e-06	5.02655508642565e-05	1.43651329493054e-05
mforex_buy_delta1	1.22268485687643e-06	0.000143079833190304	1.43651329493054e-05
mcajeros_propios_descuentos_delta1	1.07863896513542e-06	7.75382133981045e-05	2.87302658986109e-05
cpagodeservicios_lag1	8.91057056517288e-07	7.67668583032372e-06	1.43651329493054e-05
ccheques_depositados_rechazados_mean6	6.91733646394183e-07	3.68552369775639e-06	1.43651329493054e-05
cseguro_auto_mean6	5.03008501570396e-07	3.47322622239529e-05	1.43651329493054e-05
Master_mpagosdolares_lag1	1.22324322013449e-07	9.49827874010844e-06	1.43651329493054e-05
