Feature	Gain	Cover	Frequency
ctrx_quarter_normalizado	0.199661717207593	0.0125000944605895	0.00403927417350236
mdescubierto_preacordado_tend6	0.078288794095577	0.00264951503175952	0.00124285359184688
ctrx_quarter	0.0574311088091063	0.00205928114228803	0.00198856574695501
mcuentas_saldo	0.0380692488899679	0.00876952103288639	0.0100671140939597
mtarjeta_visa_consumo	0.0297917018202564	0.00933282498601462	0.00503355704697987
mprestamos_personales	0.0253876827518328	0.00659517676175636	0.00664926671638081
foto_mes	0.0237603269641265	0.0182271172905206	0.0200720855083271
mcaja_ahorro	0.0198742585613708	0.00376986372540631	0.0046607009694258
cpayroll_trx	0.0163278223696746	0.00770153970942998	0.00335570469798658
mv_status07	0.0120408393285393	3.44228606204037e-05	6.2142679592344e-05
mpayroll	0.0114614039404332	0.0076727674380782	0.00360427541635595
mprestamos_personales_tend6	0.0109848936555077	0.00497353299318502	0.00478498632861049
mpayroll_sobre_edad	0.0098259712011734	0.00518798826521821	0.00217499378573204
mpasivos_margen	0.00917184449530565	0.00479269476601833	0.00459855828983346
ccomisiones_mantenimiento_tend6	0.00890786309528302	0.00524461909808736	0.00428784489187174
mdescubierto_preacordado	0.00692668610173891	0.000436109810487035	0.00093214019388516
cproductos_tend6	0.00680806853244872	0.00326692079600616	0.00323141933880189
mv_status07_tend6	0.00562410383279272	0.00180524268951803	0.000683569475515784
mpasivos_margen_lag1	0.00481953553133418	0.000413426097014342	0.00205070842654735
cproductos_delta1	0.004748824483686	0.00211017228126193	0.00111856823266219
mcuenta_corriente	0.0045057054473401	0.00412941716515727	0.00577926920208799
mdescubierto_preacordado_delta1	0.0043328151207289	0.00113663140193004	0.00105642555306985
internet	0.0043105786547431	0.0123970990037795	0.0052199850857569
mcuentas_saldo_tend6	0.00416662308686771	0.00305551968190374	0.00503355704697987
tmobile_app	0.00404021409781986	0.00563921951825658	0.0052199850857569
mcaja_ahorro_dolares_delta1	0.00390553742893354	0.00528412169724878	0.00472284364901815
tcallcenter_tend6	0.00379252329310566	0.0053616188966187	0.00298284862043251
cprestamos_personales_tend6	0.00376496547931779	0.00220825381161874	0.00111856823266219
Visa_fechaalta_tend6	0.00375746630803039	0.00498229410874603	0.00410141685309471
ccaja_ahorro	0.00374868294416904	0.00218178412004262	0.00285856326124783
mactivos_margen	0.00361673288186147	0.00551345337411006	0.00515784240616455
mcomisiones_mantenimiento_tend6	0.00360748113383387	0.00827128553965249	0.00720855083271191
mv_msaldopesos	0.00357841854508661	0.000241500850685357	0.00105642555306985
mes	0.0035359543465879	0.00108415962436192	0.00124285359184688
mv_status01	0.00350221661179548	0.000647609327090173	0.000497141436738752
mactivos_margen_avg6	0.0034789562359309	0.0041921016888777	0.00484712900820283
mprestamos_personales_delta1	0.00344103343167756	0.0065232040492378	0.00403927417350236
mrentabilidad_avg6	0.00343678370496632	0.00279606521748002	0.00484712900820283
ctarjeta_visa_trx_tend6	0.00338462589880184	0.00295792415917351	0.00323141933880189
ctarjeta_visa_trx	0.00326587426637524	0.00216041973616125	0.00292070594084017
mprestamos_personales_lag1	0.00317300986834383	0.000332486940882095	0.00105642555306985
mcuenta_corriente_avg6	0.00306620043674427	0.00421188020411068	0.0067735520755655
Visa_fechaalta_avg6	0.00282504426548633	0.00186723762091059	0.00360427541635595
mcuenta_corriente_tend6	0.00280038767037892	0.00227396614929336	0.00590355456127268
mv_fechaalta_tend6	0.00279514666698251	0.00110009811759836	0.00217499378573204
mactivos_margen_tend6	0.0027319045928477	0.00246040034071843	0.00633855331841909
mtarjeta_visa_debitos_automaticos_tend6	0.00272124743550623	0.005938985496887	0.00497141436738752
mrentabilidad_annual_tend6	0.00267329913196073	0.00451717706188089	0.00627641063882675
cliente_edad	0.00258168223277297	0.00309952400176732	0.00671140939597315
cliente_edad_lag1	0.00256844936748038	0.00283477420434727	0.00627641063882675
cliente_edad_avg6	0.00253720748617502	0.0031035513371855	0.00571712652249565
Visa_status	0.00244066232650987	0.000559546062352766	0.00031071339796172
mcomisiones_mantenimiento	0.00233499469346064	0.00443812401824765	0.00347999005717127
Master_fechaalta	0.00231084568123129	0.00360199273958921	0.00410141685309471
thomebanking	0.00227610636894785	0.00204647545150064	0.0021128511061397
mcomisiones_mantenimiento_avg6	0.00220590107864707	0.00250687963843965	0.00273427790206314
numero_de_cliente	0.00211490174050141	0.00260325190961074	0.00689783743475019
cproductos	0.00206079890229585	0.00213885254240143	0.00304499130002486
Visa_Finiciomora	0.00205869890056217	0.00354774216248547	0.0015535669898086
ctrx_quarter_delta1	0.00205525030957945	0.00114525440531976	0.00347999005717127
internet_avg6	0.00205440257450174	0.00747388901072074	0.00391498881431767
Visa_fultimo_cierre_tend6	0.00205281057452175	0.00244259258737976	0.00229927914491673
mtransferencias_emitidas_avg6	0.00203501959755984	0.00182159455073977	0.00447427293064877
ctarjeta_visa_trx_lag1	0.00202507073107433	0.00104214776143217	0.00124285359184688
mcuentas_saldo_lag1	0.00193708394829886	0.00672638526153316	0.00484712900820283
mcaja_ahorro_delta1	0.00188940149653907	0.00370302711979041	0.00391498881431767
mcuenta_corriente_lag1	0.00188228795365734	0.00384565980123034	0.00490927168779518
chomebanking_trx	0.00185668462857299	0.00305536258657286	0.00397713149391002
mcuentas_saldo_delta1	0.00184615908240389	0.00681537521438757	0.0052199850857569
mtransferencias_recibidas	0.00184212110446494	0.0026073230225194	0.00285856326124783
mcaja_ahorro_avg6	0.00182233071495284	0.00193806688862257	0.00472284364901815
mcaja_ahorro_lag1	0.00181381180938253	0.00418179054022467	0.00403927417350236
ctarjeta_visa_debitos_automaticos_tend6	0.00180466127621977	0.00139695696093196	0.00279642058165548
ccaja_ahorro_avg6	0.0017885995663592	0.00148856271569523	0.00267213522247079
mv_msaldototal	0.0017648124566531	0.000457957683820751	0.00149142431021626
ccomisiones_mantenimiento_delta1	0.0017545440267953	0.00196731935642964	0.00192642306736267
ctransferencias_emitidas_avg6	0.00175107627920896	0.000531360525596797	0.00242356450410142
mrentabilidad_annual_lag1	0.00175065156151051	0.0016962196921276	0.00372856077554064
Master_Fvencimiento	0.00173256174536744	0.00173640762209127	0.00472284364901815
chomebanking_trx_delta1	0.00171406650950947	0.00289008706356506	0.00316927665920955
mcuenta_debitos_automaticos	0.00170492248471133	0.00539884041733827	0.00341784737757892
ctrx_quarter_tend6	0.00169465744270755	0.00143350961583465	0.00329356201839423
mpasivos_margen_delta1	0.00168805450093964	0.00123336202866478	0.00236142182450907
thomebanking_avg6	0.00166643587800377	0.00421495412002387	0.00347999005717127
ctransferencias_recibidas_avg6	0.00165894700376212	0.00234498699195261	0.0046607009694258
mrentabilidad_annual_avg6	0.00160988679825594	0.00300762187726763	0.00447427293064877
mrentabilidad_annual_delta1	0.00159067705383346	0.00265639255299575	0.00428784489187174
mactivos_margen_lag1	0.00153176212545438	0.00190029291921786	0.00273427790206314
ccaja_seguridad	0.00151471643689516	0.00480810231190345	0.00205070842654735
mv_status07_delta1	0.00144911977488959	0.000131178087980323	0.000248570718369376
Visa_mfinanciacion_limite	0.00144839628794792	0.00298582320518428	0.00372856077554064
mcuentas_saldo_avg6	0.00141235110120082	0.00234497943742991	0.00422570221227939
mprestamos_personales_avg6	0.00137785170162326	0.000879173074848653	0.00136713895103157
mpayroll_avg6	0.00136009812829935	0.00220612362992503	0.00173999502858563
ccaja_ahorro_tend6	0.00134818019932189	0.00216972419623902	0.00105642555306985
ccomisiones_mantenimiento_avg6	0.00132839058138319	0.00524285656983138	0.00323141933880189
Visa_fultimo_cierre_avg6	0.00130112981320672	0.00148904581773616	0.00391498881431767
mvr_mpagominimo_avg6	0.00127058890973037	0.00259322085941448	0.00267213522247079
mcomisiones_avg6	0.00126792338454271	0.00204980932047675	0.00379070345513299
cliente_antiguedad	0.00126489335634363	0.00144319567616127	0.00354213273676361
Master_fultimo_cierre_avg6	0.00126222052903332	0.00146479657471464	0.0036664180959483
mv_Finiciomora_delta1	0.00124549516225944	0.00490839189364941	0.00142928163062391
Master_Fvencimiento_lag1	0.00123205465197244	0.00105746019781365	0.00379070345513299
Master_fechaalta_avg6	0.00122707855319146	0.000851751513413221	0.00354213273676361
Visa_mpagominimo	0.00122666457096693	0.00104582507063225	0.00323141933880189
mrentabilidad_tend6	0.0012263869895357	0.00141357342415367	0.00391498881431767
mcuenta_corriente_delta1	0.00121001288794986	0.00194149451116236	0.00304499130002486
mtransferencias_recibidas_avg6	0.00120939130134006	0.00226402614078083	0.00385284613472533
mv_status02	0.00119826593994134	0.000287031958955756	0.000124285359184688
mpasivos_margen_avg6	0.00116286351219961	0.00195220043205253	0.00335570469798658
mtarjeta_visa_debitos_automaticos_avg6	0.00115540692597399	0.000841731891853851	0.00186428038777032
internet_tend6	0.00115091787426118	0.000987821639101504	0.00192642306736267
cmobile_app_trx_avg6	0.00115067821047421	0.00111180355995252	0.00347999005717127
ccomisiones_otras_avg6	0.00114268917730453	0.00424769406543514	0.00385284613472533
ctrx_quarter_normalizado_delta1	0.00113562674288913	0.00110878659351809	0.00223713646532438
Visa_fultimo_cierre_delta1	0.0011227114800744	0.000121796726735652	0.000559284116331096
mcomisiones_otras_tend6	0.00112262950979962	0.00248173276315763	0.00323141933880189
mpasivos_margen_tend6	0.00112257852992887	0.00554211116538719	0.00428784489187174
Master_Fvencimiento_avg6	0.00111936489395444	0.000946963487380968	0.0031071339796172
mcaja_ahorro_tend6	0.00111154413109447	0.000853891380392426	0.00329356201839423
Visa_Fvencimiento	0.00111021969600374	0.000794886490340589	0.00360427541635595
mdescubierto_preacordado_avg6	0.00111007727077126	0.00199459079593976	0.00242356450410142
mcomisiones	0.00110969525394582	0.000852511227208138	0.00142928163062391
ccaja_ahorro_delta1	0.00109056080410886	0.00407046709382139	0.00105642555306985
chomebanking_trx_avg6	0.00108551449365142	0.00251075220299548	0.00329356201839423
ctransferencias_recibidas_tend6	0.00108244082680931	0.00475886464487076	0.00360427541635595
Visa_Fvencimiento_avg6	0.00107911953077518	0.000818124395849808	0.00298284862043251
mvr_msaldopesos2_tend6	0.00107521702525977	0.00100187421354465	0.00304499130002486
tmobile_app_avg6	0.00106860901035907	0.00109860716474791	0.0021128511061397
tmobile_app_delta1	0.00106235575979953	0.00207208373378405	0.00130499627143922
mv_fechaalta	0.00106028489511444	0.000834219403299989	0.00242356450410142
mv_cconsumos_avg6	0.00105996562691035	0.00123984535878101	0.00254784986328611
tcallcenter_avg6	0.00105246359418354	0.00246073293342263	0.00217499378573204
mcaja_ahorro_dolares_avg6	0.00105232383223297	0.000606713209050464	0.00273427790206314
mtransferencias_recibidas_tend6	0.00104943349266243	0.00159945768506783	0.00329356201839423
ccomisiones_otras_tend6	0.00104855677394839	0.000561249704072881	0.00254784986328611
mrentabilidad_annual	0.00104812448452781	0.0021793267694046	0.00273427790206314
mv_Fvencimiento	0.00104035908018011	0.00089133701861856	0.00335570469798658
chomebanking_trx_tend6	0.00103687730815658	0.00131996591458248	0.00316927665920955
mvr_mpagospesos_tend6	0.00103133522831691	0.00103465890497494	0.00198856574695501
mpagomiscuentas	0.00102948443426706	0.00250730269171045	0.00142928163062391
cprestamos_personales	0.00102732960269178	0.000968581625742535	0.000994282873477504
Master_fechaalta_lag1	0.00102396457626808	0.00238168163314078	0.00267213522247079
mcaja_ahorro_dolares_tend6	0.00101674158126092	0.000996335392470746	0.00229927914491673
Master_fultimo_cierre_tend6	0.00100366158827473	0.00449963081125082	0.00285856326124783
cproductos_avg6	0.000999094394073365	0.00201444563122251	0.00298284862043251
ccallcenter_trx	0.000998864083921969	0.00227423849952173	0.00161570966940094
Visa_msaldototal_tend6	0.000986640415971867	0.00300372858620082	0.00273427790206314
ctarjeta_debito_avg6	0.000983941578891756	0.000822400836811147	0.00304499130002486
mrentabilidad_delta1	0.000981473680276477	0.00117806640925518	0.00260999254287845
ctarjeta_visa_trx_avg6	0.000974767175458565	0.00100937139934741	0.00192642306736267
mv_status06_tend6	0.000974543772618856	0.000249620606640306	6.2142679592344e-05
Master_mpagospesos_tend6	0.000973640837705281	0.003397141784073	0.00236142182450907
Visa_fechaalta_lag1	0.000963910225348595	0.00047233180974262	0.00205070842654735
Visa_mpagospesos_tend6	0.000942143895737673	0.000531519945396189	0.00292070594084017
Visa_mpagospesos_avg6	0.000942023303175079	0.00113865059025187	0.00285856326124783
mcomisiones_otras	0.000940731921281613	0.00280014930867126	0.00267213522247079
mtarjeta_master_consumo	0.00093948909587165	0.000829176856255301	0.000807854834700472
Visa_delinquency_tend6	0.000937831388444192	0.00200161998874698	0.0015535669898086
mv_fultimo_cierre_avg6	0.000937382164265658	0.000693242130858362	0.00248570718369376
cmobile_app_trx_tend6	0.000934476339081368	0.00164770977744766	0.00292070594084017
Visa_cconsumos_avg6	0.000934195408149183	0.000882325441574423	0.00236142182450907
Visa_cconsumos_tend6	0.000933143858871373	0.00189441821244269	0.00323141933880189
Visa_mpagado_avg6	0.000927991389387888	0.00109085913005059	0.00192642306736267
mv_Finiciomora_lag1	0.000918606545698716	0.002187024634323	0.00130499627143922
ctarjeta_debito_trx_avg6	0.000913590878587669	0.00385367185681049	0.00304499130002486
mrentabilidad	0.000912125559155218	0.000701579418325726	0.00229927914491673
Visa_mconsumospesos_tend6	0.000910578446924915	0.000726032633459959	0.00248570718369376
mv_Fvencimiento_avg6	0.000905566971578195	0.00073989828189288	0.00273427790206314
mv_mpagominimo_delta1	0.000899402828723506	0.00200389196302046	0.00173999502858563
Master_status	0.000898366705649793	6.01888193518191e-05	0.000186428038777032
ccallcenter_trx_tend6	0.000897820444834371	0.00212728269404432	0.00242356450410142
Visa_fechaalta	0.000897692327926966	0.00101005072527265	0.00260999254287845
mv_Finiciomora	0.000897578562209825	0.00147541765250379	0.000745712155108128
cplazo_fijo	0.000885606335821541	0.00135702665956269	0.000745712155108128
chomebanking_trx_lag1	0.000871750905539988	0.000557083481660575	0.00273427790206314
mv_fechaalta_avg6	0.000867198708890827	0.000352213349279063	0.00180213770817798
Visa_mpagospesos_lag1	0.00086076907860453	0.00102600122826311	0.00260999254287845
Visa_msaldopesos	0.000859524362990112	0.00113209985054853	0.00192642306736267
mtransferencias_recibidas_lag1	0.000857931330861474	0.00266940395924724	0.00236142182450907
Visa_Fvencimiento_tend6	0.000853592564503271	0.00191052639188115	0.00242356450410142
mactivos_margen_delta1	0.000847919655968951	0.00125707257610658	0.00267213522247079
mv_mpagominimo	0.000842795087211746	0.000520075812044923	0.000994282873477504
ccallcenter_trx_avg6	0.000834938722555783	0.00153816764875423	0.00260999254287845
Visa_mpagominimo_avg6	0.000833017236664141	0.000680737846155852	0.00229927914491673
Visa_Fvencimiento_lag1	0.000824877361268399	0.000680387819937746	0.00248570718369376
mv_cconsumos_tend6	0.000818427191788114	0.00128815575657957	0.00198856574695501
mcuenta_debitos_automaticos_tend6	0.000812531863305361	0.00260848118895995	0.00223713646532438
ccajas_trx_avg6	0.000809040304106218	0.00113614946212337	0.00217499378573204
ccajas_extracciones_avg6	0.000806905343930398	0.00309556872487328	0.00236142182450907
mautoservicio_avg6	0.00079332548116819	0.00099701297504459	0.00229927914491673
ccallcenter_trx_delta1	0.000790080136233801	0.00181199701392265	0.00105642555306985
Master_Fvencimiento_tend6	0.000782861519116131	0.000263297973123034	0.00180213770817798
cmobile_app_trx_delta1	0.00077390082497364	0.0020857767904293	0.00173999502858563
ccomisiones_mantenimiento	0.000773502127573288	0.00147959820913864	0.000869997514292816
mvr_mpagominimo	0.000771973176646984	0.00178690863776508	0.0015535669898086
ctarjeta_visa_tend6	0.000766478079687157	0.000598968079938801	0.000186428038777032
mcomisiones_otras_avg6	0.0007575671791025	0.00121636009108002	0.00217499378573204
ctarjeta_visa_debitos_automaticos_avg6	0.000755676878388287	0.00191258470875642	0.00205070842654735
cprestamos_personales_avg6	0.000748853705804698	0.0025669826461619	0.00192642306736267
mpayroll_sobre_edad_avg6	0.000748325963879198	0.000876032911582617	0.00111856823266219
ccomisiones_otras	0.000748202430162983	0.00263024111990129	0.00205070842654735
mrentabilidad_lag1	0.000744011970592479	0.000379328468281155	0.00223713646532438
mv_Fvencimiento_lag1	0.000740137072515201	0.000858593199093091	0.00236142182450907
mv_mpagominimo_tend6	0.000733751503131649	0.00088580168424744	0.00142928163062391
Visa_cconsumos_lag1	0.00073277460959763	0.00217336276429708	0.00242356450410142
Visa_mpagominimo_tend6	0.000727503097090552	0.000333625349340209	0.00192642306736267
mv_mpagospesos_tend6	0.000724800906373374	0.000735910268733843	0.00149142431021626
mv_mpagominimo_avg6	0.000723153250456857	0.000730234497722919	0.00142928163062391
Master_mfinanciacion_limite	0.000720863044596775	0.000603596290469637	0.00198856574695501
cliente_antiguedad_avg6	0.000720162697337261	0.00220489805389739	0.00242356450410142
cmobile_app_trx_lag1	0.000707663989410454	0.00147938958808889	0.00229927914491673
mvr_msaldopesos2_avg6	0.000705198264135488	0.000602362191390746	0.00223713646532438
mcomisiones_tend6	0.00069956693107494	0.000844220429111192	0.00236142182450907
mv_status05_delta1	0.000697611747504145	0.00138758296050427	0.000559284116331096
Master_fechaalta_tend6	0.000689453151300878	0.000401611985756832	0.00124285359184688
mcaja_ahorro_dolares	0.000684411708298517	0.00270111377769233	0.0021128511061397
ccajas_consultas_delta1	0.000684407610160789	0.00534016385846501	0.00173999502858563
Visa_mlimitecompra	0.000673666161056116	0.00142507121398662	0.00186428038777032
Visa_msaldopesos_tend6	0.000670177359141491	0.000594291830391866	0.00217499378573204
Master_mfinanciacion_limite_lag1	0.000662292868905008	0.00330517089404623	0.0021128511061397
ccajas_consultas_tend6	0.00066173203918928	0.00174080435429857	0.00173999502858563
mtarjeta_visa_debitos_automaticos_lag1	0.000653860777751912	0.00359665595357092	0.00229927914491673
Visa_cconsumos_delta1	0.000646127288793903	0.00116566614451898	0.00161570966940094
mv_fultimo_cierre	0.000644879022136939	0.000461357025326867	0.00186428038777032
mvr_mconsumospesos_tend6	0.000638513991195355	0.000440782379625478	0.00167785234899329
Visa_fultimo_cierre	0.000635196897453847	0.0018249365553557	0.00223713646532438
mpayroll_delta1	0.000623100647407751	0.00350392709310063	0.00167785234899329
mtransferencias_emitidas_tend6	0.000617014569583465	0.000780066453874126	0.00192642306736267
mvr_msaldopesos2	0.000616620969004555	0.00113591023557143	0.00167785234899329
mpagomiscuentas_avg6	0.000612304493672956	0.000900747048308322	0.00192642306736267
ccajas_consultas_avg6	0.000604873335529006	0.0021077416620119	0.00192642306736267
mv_status04_delta1	0.000590063309508226	0.00274880625427575	0.000869997514292816
mv_fechaalta_lag1	0.000587973743568153	0.000456972109167886	0.0015535669898086
ctarjeta_debito_tend6	0.000583412768955392	0.00827430502426115	0.00229927914491673
mcaja_ahorro_dolares_lag1	0.000583169812445044	0.000505241247650204	0.00180213770817798
tmobile_app_tend6	0.00057965129404975	0.000621369176780493	0.00173999502858563
Visa_mconsumosdolares_avg6	0.000579587446349896	0.00105523064509068	0.00180213770817798
mautoservicio	0.000577873200489426	0.00198393465741708	0.00149142431021626
mv_status02_delta1	0.000576699615144962	0.000121642924401852	0.00031071339796172
mtransferencias_emitidas	0.000574912612017386	0.000514389968337074	0.00167785234899329
mvr_mpagospesos_avg6	0.000572269630911348	0.00227027508698787	0.00161570966940094
Visa_mconsumosdolares	0.000565545110681486	0.000809191269618252	0.00149142431021626
mvr_mpagospesos	0.000565122113982797	0.000284341580348516	0.00118071091225454
Master_fultimo_cierre	0.000561563223347123	0.00039184631238337	0.00161570966940094
mvr_mpagominimo_tend6	0.000561223670132095	0.00126907845601707	0.00161570966940094
Visa_mconsumospesos_avg6	0.000561187871682644	0.00105428497381409	0.00173999502858563
Master_fultimo_cierre_lag1	0.000560902930223161	0.000291081183119176	0.00167785234899329
Visa_mpagominimo_lag1	0.000558625095106382	0.000303332294458617	0.00142928163062391
Master_mfinanciacion_limite_avg6	0.000558063504721545	0.000798382103584614	0.0015535669898086
Visa_mpagospesos	0.000555319629487569	0.00154185115653703	0.0021128511061397
ccajas_trx_tend6	0.000554727252872376	0.000479322261407828	0.00167785234899329
mforex_sell_avg6	0.000551228923229345	0.00290667776392733	0.00161570966940094
mplazo_fijo_dolares_tend6	0.000548106405487565	0.0019608338955506	0.00130499627143922
mvr_mconsumosdolares_avg6	0.000542264693836746	0.000395620861849904	0.00161570966940094
mpagomiscuentas_tend6	0.000540250709002144	0.00314195930537929	0.00180213770817798
mvr_mconsumospesos	0.000531063145203736	0.000433455267436159	0.00161570966940094
mpayroll_sobre_edad_delta1	0.00052911410113132	0.0037880985998357	0.00161570966940094
Visa_mlimitecompra_lag1	0.000526629041775809	0.00136118668339227	0.0015535669898086
Master_mpagospesos_avg6	0.000525147072977318	0.00130690918119483	0.00167785234899329
mv_mfinanciacion_limite_tend6	0.000522626402801562	0.000442537353358763	0.000807854834700472
mvr_msaldopesos2_lag1	0.000512256655428079	0.000243349577982319	0.00173999502858563
Visa_mpagospesos_delta1	0.00050901431143297	0.000611663358471445	0.00167785234899329
mvr_mpagominimo_lag1	0.000507088780797082	0.000520074843516372	0.00136713895103157
ccajas_depositos_avg6	0.000505975531967032	0.00573370858251433	0.00192642306736267
mvr_Visa_mlimitecompra_avg6	0.000501679182969964	0.00180432161886662	0.00192642306736267
mv_msaldopesos_avg6	0.000500715402423846	0.00238960729597423	0.00124285359184688
mcomisiones_lag1	0.00049854412189609	0.000384049463847118	0.00142928163062391
mprestamos_prendarios	0.000495136871380619	0.00790116700306259	0.00186428038777032
Visa_mlimitecompra_avg6	0.000489532176779321	0.000562063655466619	0.00142928163062391
Visa_mconsumosdolares_tend6	0.000488605939747083	0.000454766188541545	0.0015535669898086
mvr_mconsumospesos_avg6	0.000487525206043368	0.000401200167417211	0.00149142431021626
mv_Fvencimiento_tend6	0.000486702862950317	0.000557605712254939	0.0015535669898086
Visa_mfinanciacion_limite_lag1	0.000479971875340976	0.00198186607413919	0.00142928163062391
Master_mpagominimo_tend6	0.000479550858713237	0.00208570725007938	0.00118071091225454
cpagomiscuentas_tend6	0.000476537393021788	0.00160102360202808	0.00173999502858563
mvr_Master_mlimitecompra_avg6	0.000474035501935176	0.00262868740640077	0.00180213770817798
ctrx_quarter_normalizado_tend6	0.000473326542908674	0.00120329774022678	0.00161570966940094
mplazo_fijo_dolares_delta1	0.00047332403980721	0.0055987296010909	0.00130499627143922
mv_mpagospesos	0.000473160837366138	0.000399344079303266	0.000869997514292816
ccuenta_debitos_automaticos_avg6	0.000472592836755409	0.00245815587265578	0.00173999502858563
mvr_msaldototal_tend6	0.000469177820496429	0.00485600883329651	0.00173999502858563
Master_mlimitecompra	0.000463394929661962	0.00081646336938591	0.00142928163062391
ctransferencias_emitidas_tend6	0.000462480242918258	0.00109239231074584	0.00161570966940094
cliente_antiguedad_lag1	0.000461694733431386	0.00111152016849868	0.00161570966940094
mv_cconsumos_delta1	0.00046162804685275	0.00163365778412164	0.00105642555306985
Visa_cconsumos	0.000460704675020024	0.000335304196729435	0.00124285359184688
Visa_msaldopesos_avg6	0.000458279127212033	0.000253779855647049	0.00130499627143922
ctrx_quarter_avg6	0.000456872127750035	0.000173546950533738	0.00136713895103157
mplazo_fijo_dolares	0.000454552068165474	0.00407939479629306	0.00111856823266219
mvr_msaldototal_avg6	0.000454501940710375	0.000317453440723128	0.00130499627143922
mtransferencias_emitidas_lag1	0.0004538185958907	0.000376690777627056	0.00118071091225454
mcomisiones_mantenimiento_delta1	0.000451411348510569	0.00272072803048316	0.00130499627143922
Visa_mpagominimo_delta1	0.000449181665666076	0.000444287871860716	0.00124285359184688
Master_mlimitecompra_avg6	0.00044384644044689	0.00023525616600394	0.00130499627143922
cprestamos_hipotecarios_avg6	0.00044358847585605	0.00741952550318803	0.00167785234899329
mcomisiones_mantenimiento_lag1	0.000442854526800044	0.00237065919712034	0.00149142431021626
mextraccion_autoservicio_tend6	0.000438026402789553	0.000501892075922997	0.00118071091225454
Visa_msaldopesos_lag1	0.00043607998176593	0.000367569950562436	0.00130499627143922
mv_fultimo_cierre_tend6	0.000435888640583973	0.000372837583642232	0.00093214019388516
tpaquete7_tend6	0.000434958708873202	0.00449387503978163	0.00105642555306985
mv_mconsumosdolares_avg6	0.000431981658288318	0.00178918816656125	0.00142928163062391
cforex_sell_avg6	0.000431357681756188	0.000857239777296793	0.00118071091225454
mpayroll_sobre_edad_tend6	0.000427758163193037	0.000494156244685418	0.000994282873477504
Visa_mconsumospesos_lag1	0.000426840360450861	0.00214177362450937	0.00186428038777032
mvr_msaldototal_lag1	0.000425552388972038	0.000174760129395941	0.00093214019388516
Visa_mfinanciacion_limite_avg6	0.000425366397666547	0.000355251817047309	0.00136713895103157
Visa_mpagado_tend6	0.00042535360090342	0.00463130885366885	0.00167785234899329
Visa_msaldototal_lag1	0.000425013875851625	0.000159199749705569	0.00105642555306985
mvr_Master_mlimitecompra	0.000419771155591568	0.000529128842111016	0.00118071091225454
Visa_mconsumosdolares_lag1	0.000419419749775616	0.00068923920235965	0.00124285359184688
ctrx_quarter_lag1	0.000418696788496535	0.000577395656124812	0.00118071091225454
cextraccion_autoservicio_tend6	0.000418584379425042	0.00372152136616559	0.00180213770817798
mv_status02_avg6	0.000417536464664094	0.00110188524647952	0.00062142679592344
mvr_mpagominimo_delta1	0.000417101548434624	0.00106099900743102	0.00105642555306985
Visa_mconsumospesos_delta1	0.000415622099658067	0.000573461880564597	0.00130499627143922
ctarjeta_visa_trx_delta1	0.000414437337027419	0.00162387235276576	0.00124285359184688
mpayroll_tend6	0.00041364003397326	0.000949414833141975	0.00118071091225454
Visa_delinquency_avg6	0.000413250337510695	0.00060024769985956	0.000869997514292816
mv_msaldototal_avg6	0.0004103986142118	0.000954659996359402	0.000994282873477504
Master_msaldototal	0.000408353737111898	0.000685778262437729	0.00111856823266219
Master_cconsumos_avg6	0.000407364697688815	0.0018663438627643	0.00161570966940094
ccallcenter_trx_lag1	0.000405395769808599	0.00104000402033877	0.00111856823266219
Visa_msaldopesos_delta1	0.000402885362461649	0.00164757069674782	0.00118071091225454
mcuenta_debitos_automaticos_avg6	0.000398699120976203	0.0010137506980408	0.00130499627143922
ccajas_trx_delta1	0.000397069673741	0.000589815678843439	0.000559284116331096
Master_mpagominimo_lag1	0.000394418885154295	0.000391908104504885	0.000807854834700472
mv_mpagominimo_lag1	0.000389784649796457	0.000627369017444375	0.00124285359184688
internet_delta1	0.000389458787121359	0.000345068126751505	0.000745712155108128
ctrx_quarter_normalizado_avg6	0.000386884654277947	0.00111950045634237	0.00124285359184688
mcomisiones_otras_delta1	0.000385653027586763	0.000729651249829881	0.00124285359184688
mextraccion_autoservicio_avg6	0.000383957011464191	0.000158089815986836	0.00105642555306985
ccaja_seguridad_lag1	0.000382704792185537	9.84369803347956e-05	0.000186428038777032
cforex_buy_tend6	0.000382152393751788	0.00547907603433152	0.00124285359184688
mvr_Visa_mlimitecompra_tend6	0.000380753753753775	0.0012942507067471	0.00118071091225454
cextraccion_autoservicio_avg6	0.000378788980412853	0.000432718023503611	0.00111856823266219
mvr_Visa_mlimitecompra	0.000377321717758476	0.000255628582944011	0.00124285359184688
mvr_msaldopesos_lag1	0.000377101438437449	0.00213768992072956	0.00124285359184688
Master_mpagominimo_avg6	0.000368265293615358	0.000331047513750523	0.00105642555306985
Master_cconsumos_tend6	0.00036797694023719	0.000374102869340446	0.00111856823266219
ctarjeta_master_trx_tend6	0.000367598581993275	0.00140851964217779	0.00130499627143922
mv_mlimitecompra_tend6	0.000365642844935121	0.00192302583394091	0.000994282873477504
mv_mfinanciacion_limite_delta1	0.00036482362423272	0.0012534932819958	0.00062142679592344
matm_avg6	0.000361893488469781	0.000177533220341383	0.00118071091225454
mtarjeta_visa_consumo_delta1	0.000361553177217717	0.00278192644399589	0.00130499627143922
ccomisiones_otras_lag1	0.000359467644741578	0.0018040483001097	0.0015535669898086
mvr_mpagospesos_lag1	0.000359249625243263	0.000418105833264058	0.00111856823266219
mtransferencias_emitidas_delta1	0.000358836122056032	0.000974793380453239	0.000994282873477504
mv_msaldopesos_lag1	0.000356975290783632	0.000221170855295793	0.000807854834700472
mv_mpagado_avg6	0.000356384182075625	0.00181762571444603	0.00111856823266219
mv_mpagospesos_avg6	0.000354078266499578	0.00151448828793175	0.00118071091225454
Master_mfinanciacion_limite_tend6	0.00035398660117175	0.00179836981721883	0.00118071091225454
mcomisiones_delta1	0.00035272651462677	0.00343995849422811	0.0015535669898086
mpagomiscuentas_lag1	0.000352523699486396	0.000779877203395382	0.00111856823266219
mtarjeta_visa_consumo_avg6	0.000351247359138352	0.000210106772547695	0.000994282873477504
mvr_msaldopesos_tend6	0.000349938382588612	0.000963283387160547	0.00111856823266219
mtransferencias_recibidas_delta1	0.000348439308699433	0.00110851249993833	0.00130499627143922
mv_mconsumospesos_tend6	0.000348212459348079	0.00115850000177473	0.00124285359184688
thomebanking_tend6	0.000346535876196796	0.00383718730717735	0.00149142431021626
mtarjeta_visa_consumo_lag1	0.000346032724601709	0.000145459428867066	0.000994282873477504
Master_msaldopesos_tend6	0.000345891433416701	0.000983691639656982	0.00105642555306985
Visa_Finiciomora_lag1	0.000337369086598898	0.00388031336535145	0.00105642555306985
mv_fultimo_cierre_lag1	0.000336775883136759	0.000234434272676089	0.00111856823266219
Visa_msaldototal	0.000335399332247747	0.000109462709352298	0.00093214019388516
Master_mlimitecompra_lag1	0.000335098665279862	0.000233892865216428	0.000745712155108128
cmobile_app_trx	0.000335059627124504	0.000517521995963286	0.000869997514292816
mforex_buy_avg6	0.000332881130204485	0.00388050164730164	0.00105642555306985
cplazo_fijo_tend6	0.000331898050170782	0.00140174710943642	0.00062142679592344
tcallcenter	0.000331330772252109	9.19160713108108e-05	0.000248570718369376
Master_msaldototal_avg6	0.000329471633402676	0.00130546297436341	0.00105642555306985
ccuenta_debitos_automaticos_tend6	0.000328031592775744	0.00122966438036514	0.000807854834700472
mv_mfinanciacion_limite	0.000325863129318166	0.000409174062972473	0.000994282873477504
Master_fultimo_cierre_delta1	0.000325290604549886	0.000195348140791326	0.000994282873477504
ccomisiones_otras_delta1	0.000325065818743798	0.000251812967866942	0.000869997514292816
ccajas_otras_tend6	0.000322659191404874	0.0042369656746826	0.00130499627143922
mcomisiones_otras_lag1	0.000320823708123913	0.000168800966931176	0.00105642555306985
cliente_edad_tend6	0.000320670324443324	0.000250620515515716	0.000994282873477504
mforex_sell_tend6	0.000319803804636313	0.00360245918293907	0.00118071091225454
mvr_msaldodolares2_avg6	0.000319280581604219	0.00138544231870223	0.00118071091225454
tcuentas_avg6	0.000315031133516709	0.00475135254372832	0.00142928163062391
Master_msaldopesos_avg6	0.000314622720006723	0.000234144488933816	0.00093214019388516
mvr_Visa_mlimitecompra_lag1	0.00031268891714127	0.000264276380664626	0.00093214019388516
mv_Finiciomora_avg6	0.000311230514796777	0.000279884605665387	0.00031071339796172
Visa_msaldototal_delta1	0.000308731307296638	0.000875302641055632	0.00111856823266219
mtarjeta_visa_consumo_tend6	0.000307141889380299	0.00159432525857367	0.00111856823266219
cprestamos_personales_lag1	0.000306803207757459	0.000328640332891414	0.000434998757146408
cpayroll_trx_avg6	0.000306691044596791	0.0025736133863235	0.00105642555306985
active_quarter_avg6	0.000304972115902366	0.00165794402493379	0.00093214019388516
mv_mlimitecompra_avg6	0.000302895310252407	0.000467661565072698	0.00105642555306985
mv_cconsumos	0.000302486297757797	0.0010647995134627	0.000807854834700472
mautoservicio_tend6	0.000302081407089574	0.00356641190623397	0.0015535669898086
catm_trx_avg6	0.000300498279075788	0.000365249356155731	0.00105642555306985
mpayroll_lag1	0.000297972313169069	0.00024801749818372	0.000434998757146408
ctarjeta_debito_lag1	0.000297793692420119	0.000183948366047667	0.00093214019388516
ctarjeta_visa_descuentos_avg6	0.000296737046320866	0.00435407007429738	0.00142928163062391
mvr_msaldodolares2_tend6	0.000296559711903614	0.00069077683828623	0.000807854834700472
mv_msaldopesos_tend6	0.000295776693485871	0.000153191967107574	0.000745712155108128
catm_trx_tend6	0.000294694990427256	0.00146867591897032	0.000994282873477504
Master_mpagospesos	0.000293851155329775	0.000402282594925113	0.00093214019388516
mv_status01_avg6	0.000293678028093277	0.0022963682146636	0.000745712155108128
Visa_fultimo_cierre_lag1	0.000292656948445037	0.000189263263320721	0.00093214019388516
Master_mpagominimo	0.000287770400309203	0.000922235403844138	0.000745712155108128
mtarjeta_visa_debitos_automaticos_delta1	0.000286846032800847	0.00138924379326246	0.000994282873477504
mtarjeta_visa_debitos_automaticos	0.000286322757879312	0.000837892257268733	0.00093214019388516
mv_mpagospesos_lag1	0.000285940098828044	0.000312206727860021	0.000869997514292816
mv_mconsumospesos_avg6	0.000284861027842472	0.000172309945869195	0.000869997514292816
mv_mlimitecompra	0.000284178722315638	0.000194635303778248	0.000869997514292816
ccaja_seguridad_avg6	0.000283181041796754	0.000230697883234441	0.000372856077554064
mv_Finiciomora_tend6	0.000281630064931202	0.000890841519412186	0.00062142679592344
mv_mpagado_tend6	0.000278240190609942	0.00257661853670961	0.00118071091225454
ctrx_quarter_normalizado_lag1	0.000277706492303145	0.000151471666696393	0.00093214019388516
tmobile_app_lag1	0.000276518148925128	3.54384596583301e-05	0.00031071339796172
ctransferencias_emitidas_lag1	0.000276153214629744	0.00122212864712607	0.000683569475515784
matm_other_tend6	0.000274450130639029	0.00230052242732188	0.00111856823266219
Master_mpagospesos_delta1	0.000271213567052334	0.000995288219402077	0.000994282873477504
mv_msaldototal_tend6	0.00027106912264382	0.00228873039851532	0.00111856823266219
mpayroll_sobre_edad_lag1	0.000270272294490841	0.000960306130396685	0.00093214019388516
mvr_mpagado_avg6	0.000268154500695409	0.000155878084189192	0.000683569475515784
Master_mlimitecompra_tend6	0.000262374326912344	0.00287665647815697	0.000994282873477504
ctarjeta_debito_trx_delta1	0.00026228234498373	0.00150219243057328	0.00093214019388516
mextraccion_autoservicio_delta1	0.000261326951350359	0.000987475680703308	0.00093214019388516
ctarjeta_debito_trx_lag1	0.00025718511030508	0.0021686107758175	0.000869997514292816
mvr_msaldopesos2_delta1	0.000256290376555098	0.000228522955521713	0.000994282873477504
cpagomiscuentas_avg6	0.000255953663722895	0.00043766023099048	0.000745712155108128
Master_msaldopesos	0.000255536760649312	0.00274428690635398	0.00105642555306985
matm_tend6	0.000254635686235368	0.000746000205465971	0.00111856823266219
mvr_Master_mlimitecompra_tend6	0.000251563234282976	0.00102704200904335	0.000745712155108128
ctransferencias_recibidas	0.000249813026784525	0.000445504343719991	0.00062142679592344
mv_cconsumos_lag1	0.000249756628979415	0.00029811115074924	0.000807854834700472
mv_mpagospesos_delta1	0.000249674916647796	0.000407214923420768	0.00111856823266219
Master_mconsumospesos_avg6	0.000243650800079012	0.00119330736822964	0.000869997514292816
mvr_msaldopesos_avg6	0.000240583039232805	9.36557422929997e-05	0.000745712155108128
mv_mfinanciacion_limite_lag1	0.000238279905381954	0.000171206791850315	0.000745712155108128
cforex_avg6	0.000237112995350739	0.000471344685444075	0.000745712155108128
Master_msaldototal_lag1	0.000232601941011328	0.000533401408958153	0.000683569475515784
mvr_msaldodolares2_delta1	0.000232543082593933	0.00347303936168911	0.00105642555306985
mautoservicio_lag1	0.000231165270565923	0.000656369086711212	0.00093214019388516
ccajas_otras_avg6	0.000230677809134258	0.00147820100985187	0.000807854834700472
mvr_mpagado_tend6	0.000230462178806246	0.00123072027019077	0.000807854834700472
minversion1_pesos_avg6	0.000229080058074664	0.0031933811979988	0.000745712155108128
catm_trx_other_avg6	0.000228824005496884	0.000493552270281402	0.000745712155108128
mv_mfinanciacion_limite_avg6	0.000228257444254099	0.000101128521176296	0.000745712155108128
Master_mconsumospesos	0.000227727027390367	0.000401144380172709	0.000683569475515784
ccaja_ahorro_lag1	0.000227304235241355	0.000274219875879936	0.00031071339796172
mvr_mconsumosdolares_tend6	0.000227079525013364	0.00131146727025862	0.000869997514292816
ctarjeta_debito_trx_tend6	0.000226119300021918	0.000438269435448667	0.000869997514292816
mvr_mpagospesos_delta1	0.000226006887190321	0.000295167598778931	0.000869997514292816
ccheques_emitidos_avg6	0.000224393748279695	0.00440207538560258	0.00111856823266219
Master_msaldototal_tend6	0.000222102981788054	0.00241278069748199	0.000994282873477504
ctarjeta_debito_trx	0.000221675419194656	0.000534452649846733	0.000745712155108128
Visa_mconsumospesos	0.000220284353550841	0.000180289265184339	0.000683569475515784
cplazo_fijo_avg6	0.00021980684135528	0.00151046966927052	0.000497141436738752
Master_mfinanciacion_limite_delta1	0.00021903775788425	0.002028272151102	0.000745712155108128
Master_mpagospesos_lag1	0.00021739745033966	0.0010359596388181	0.000869997514292816
mvr_msaldopesos	0.000216146466255284	0.00102927853517188	0.000869997514292816
mcuenta_debitos_automaticos_lag1	0.000213941258306	0.000724620325127798	0.000683569475515784
Master_mpagado_tend6	0.000213393939773225	0.000581048364699708	0.00062142679592344
internet_lag1	0.000213312915540701	0.000107731755127063	0.000372856077554064
mcaja_ahorro_adicional	0.000210715945327523	0.00238679120236115	0.000683569475515784
cforex_sell_tend6	0.000210138133852531	0.00147107709495242	0.000745712155108128
ctarjeta_visa_debitos_automaticos	0.000207560270233585	0.000382232116875188	0.000683569475515784
mautoservicio_delta1	0.000204892449126207	0.000875505838345502	0.00062142679592344
mvr_mconsumospesos_delta1	0.000204598874467142	0.000147116000099633	0.00062142679592344
mvr_mconsumospesos_lag1	0.000203116436031618	0.000126670556106864	0.000869997514292816
cforex_tend6	0.000202393691334547	0.00104124780470316	0.000683569475515784
mv_msaldodolares_avg6	0.000198194662486235	0.00296308312334995	0.000994282873477504
Master_mconsumospesos_tend6	0.000194379974583865	0.00052701280093415	0.000745712155108128
cpayroll_trx_tend6	0.000193316749806045	0.0011385531562797	0.000745712155108128
tpaquete9	0.000192346903083584	0.000423121455215046	0.000372856077554064
ctarjeta_master_trx_avg6	0.000192146728288482	0.000388225952662058	0.000559284116331096
Visa_msaldodolares_avg6	0.000191202202484708	0.000430748617549272	0.00062142679592344
mv_status06_avg6	0.000189363836331743	3.04131524218389e-05	0.000186428038777032
mplazo_fijo_dolares_avg6	0.000186908892027963	0.00412756359521756	0.00105642555306985
Visa_msaldototal_avg6	0.000185575637988492	0.000345632004073535	0.000745712155108128
mv_fultimo_cierre_delta1	0.000184898437179321	3.81305816169607e-05	0.000497141436738752
cprestamos_personales_delta1	0.000184513259610161	0.000578640215312048	0.00031071339796172
Visa_mpagosdolares_avg6	0.000179923237815305	0.000474079422658922	0.000559284116331096
Visa_mconsumosdolares_delta1	0.000178979553146873	0.00030813096601432	0.000683569475515784
mvr_mconsumosdolares_delta1	0.000177612995863196	0.000981257727409882	0.000683569475515784
ccuenta_debitos_automaticos_delta1	0.000176995480694376	0.00196079341105719	0.00062142679592344
cproductos_lag1	0.000172865709960063	0.000233687924575168	0.000497141436738752
mforex_buy_tend6	0.000171940756251439	0.00430906836373262	0.00093214019388516
ccuenta_debitos_automaticos_lag1	0.000171034961026486	0.00174784090792278	0.00062142679592344
mextraccion_autoservicio_lag1	0.000168351440731435	0.000150912050899984	0.000497141436738752
ctransferencias_emitidas_delta1	0.000167309571466258	0.000380128472863768	0.000372856077554064
cpagomiscuentas	0.000166020723507112	0.00112278144365963	0.000559284116331096
mdescubierto_preacordado_lag1	0.000165179986735613	4.12211562212168e-05	0.000248570718369376
mtarjeta_visa_descuentos_avg6	0.000164996488379304	0.00141401119905844	0.000745712155108128
mcheques_emitidos_avg6	0.000164505351821649	0.0017770156997401	0.00062142679592344
ccajas_extracciones_tend6	0.000163299038904954	0.00048455464004839	0.000497141436738752
mv_mconsumospesos	0.000161687386739587	0.000394053782655392	0.000497141436738752
minversion1_pesos	0.000160782176962881	0.00241267822716136	0.000559284116331096
ccuenta_debitos_automaticos	0.000159842740460341	0.000486822740207666	0.000497141436738752
cextraccion_autoservicio_lag1	0.00015478611002051	0.00188591027024475	0.000745712155108128
Visa_mfinanciacion_limite_tend6	0.000153791588741298	0.00133989222727224	0.000559284116331096
cseguro_accidentes_personales_avg6	0.000151813300081309	0.000365639866867243	0.000559284116331096
Master_Finiciomora_avg6	0.000151569339999111	0.00260971199504177	0.00062142679592344
mv_mlimitecompra_lag1	0.000151210368101191	5.91889104764088e-05	0.000559284116331096
Master_delinquency_tend6	0.000150436575099466	0.000629162732319675	0.000372856077554064
ctarjeta_debito	0.000149497768790414	0.000214973434807635	0.000683569475515784
mvr_mpagosdolares_avg6	0.000148305062939332	0.00101690945705501	0.000497141436738752
Visa_mpagosdolares_tend6	0.000148209065595286	0.000112402387208406	0.000434998757146408
mvr_Master_mlimitecompra_lag1	0.000148020094783109	0.000405222660192641	0.000559284116331096
ctransferencias_recibidas_delta1	0.000147287470787875	0.00038782130143371	0.000434998757146408
matm_other_avg6	0.000143949088463582	8.91854019158752e-05	0.000434998757146408
mvr_msaldototal	0.000143790051842117	0.000568437154445236	0.000559284116331096
mv_mpagosdolares_avg6	0.000142012040628078	5.57514089454073e-05	0.000372856077554064
Master_msaldopesos_lag1	0.000141550456234532	0.00032219748726859	0.000497141436738752
Master_fechaalta_delta1	0.000141397971970903	6.55868163744957e-06	6.2142679592344e-05
ctarjeta_master_descuentos_avg6	0.000141286131427188	0.00107560286832504	0.000434998757146408
mvr_msaldototal_delta1	0.000140822059348606	0.000253331620633934	0.000372856077554064
mv_msaldototal_delta1	0.000140102297918324	0.000530972920470936	0.000434998757146408
ccheques_depositados_avg6	0.000140081472956406	0.0013411948981725	0.000497141436738752
catm_trx_lag1	0.000139040844525663	0.000475961854749437	0.000434998757146408
mv_mconsumospesos_delta1	0.000138163979919571	0.000766018528368023	0.000497141436738752
Visa_Finiciomora_tend6	0.000138067106471212	0.00180063113767826	0.00062142679592344
mextraccion_autoservicio	0.000137975983726441	0.000141330979068225	0.000372856077554064
mv_mpagosdolares_tend6	0.000137658227836317	0.00119811030131096	0.000559284116331096
Visa_msaldodolares_tend6	0.000135306117122297	0.000299149994472375	0.000372856077554064
Master_cconsumos	0.00013516770617722	6.44699092501998e-05	0.000372856077554064
ctransferencias_recibidas_lag1	0.00013293151346407	6.76819373346733e-05	0.000497141436738752
Master_mpagado_avg6	0.000132312199461331	0.000949122531225471	0.000434998757146408
mtarjeta_master_consumo_lag1	0.000132100533411333	0.000584946304703559	0.000434998757146408
mttarjeta_master_debitos_automaticos	0.000131898217988826	0.00115528952333594	0.000559284116331096
ccajas_consultas	0.000130971949371711	0.000641557960707412	0.000248570718369376
mvr_mpagosdolares_tend6	0.000127478301434603	0.00166436168881431	0.000559284116331096
Master_mconsumospesos_delta1	0.000127024054884692	0.000349783311146165	0.000497141436738752
cseguro_vida_avg6	0.000123983422439332	0.000644329308301464	0.000434998757146408
Visa_Finiciomora_avg6	0.000122827304659615	0.00103067321628443	0.000372856077554064
ctarjeta_visa_debitos_automaticos_lag1	0.000122753376496016	0.000626654630785616	0.000434998757146408
mv_status04_tend6	0.000122593284037249	0.000369132961937036	0.000248570718369376
mv_status01_lag1	0.000120389509439743	0.000993178957925064	0.000248570718369376
mvr_mpagado	0.000118442631939453	0.000770133031355739	0.000434998757146408
Master_msaldototal_delta1	0.000117691373619093	0.000408492218873007	0.000434998757146408
mttarjeta_master_debitos_automaticos_avg6	0.000117165468128556	0.000285304685139012	0.000434998757146408
Visa_mconsumototal_tend6	0.000117089022199086	7.88322191237548e-05	0.00031071339796172
catm_trx_other_tend6	0.000115167987895977	0.000100841836725384	0.00031071339796172
ctarjeta_master_debitos_automaticos_avg6	0.000112201431010306	0.000482254772152663	0.000372856077554064
mv_mconsumosdolares_delta1	0.00011180385487307	0.000137100058948754	0.00031071339796172
mv_status01_delta1	0.00011092753623413	9.93652180974779e-05	0.000124285359184688
Visa_mpagado	0.000110606280438879	0.000158195385598827	0.00031071339796172
mcaja_ahorro_adicional_avg6	0.000110069783486416	0.00168277051097134	0.000497141436738752
Master_cconsumos_lag1	0.000108526817899188	0.000287968332358261	0.000372856077554064
mv_status07_avg6	0.000108348375379184	5.28119247950102e-06	6.2142679592344e-05
minversion2_avg6	0.000106134128139049	0.0021288739864526	0.000497141436738752
ctransferencias_emitidas	0.000105522042936917	0.00118960991363571	0.000559284116331096
mv_mconsumosdolares_tend6	0.000103672432191902	9.94905456918968e-05	0.00031071339796172
Visa_mpagado_lag1	0.000102086896207291	4.64056895513901e-05	0.000186428038777032
mvr_mconsumosdolares_lag1	0.000100704463763059	0.000245540002151854	0.000372856077554064
Visa_mfinanciacion_limite_delta1	9.96006400105663e-05	0.00013129799181486	0.00031071339796172
mvr_msaldodolares2_lag1	9.94734928340728e-05	0.000105190529916581	0.00031071339796172
ccajas_depositos_tend6	9.86997175048378e-05	0.000143090020621422	0.00031071339796172
thomebanking_lag1	9.79208607705875e-05	0.000255275651140253	0.00031071339796172
mv_mconsumosdolares	9.6945139261093e-05	0.000587354647796929	0.000372856077554064
mcheques_depositados_avg6	9.65889287838059e-05	0.000392531449479908	0.00031071339796172
mforex_sell_delta1	9.60548668749187e-05	0.000750863574728839	0.000372856077554064
mvr_msaldodolares_avg6	9.39261650167747e-05	0.000528624432441979	0.000372856077554064
ctarjeta_master	9.37331220115894e-05	1.64396099084057e-05	0.000124285359184688
minversion2	9.26610711408344e-05	0.00205309088891114	0.000434998757146408
mttarjeta_master_debitos_automaticos_lag1	9.13901897122823e-05	0.000332321516205691	0.000248570718369376
mv_status05	9.12403036807571e-05	1.09761403557235e-05	0.000124285359184688
matm_other	8.98190628235424e-05	0.00230434056057318	0.000683569475515784
ccajas_otras_delta1	8.80438645435657e-05	0.00178958371362123	0.000434998757146408
Master_cconsumos_delta1	8.79689181437092e-05	8.79906250961289e-05	0.000248570718369376
mvr_msaldopesos_delta1	8.76552885920961e-05	0.000180018077190233	0.000372856077554064
mvr_msaldodolares2	8.6407092625094e-05	0.000678283982220614	0.000434998757146408
ctarjeta_master_debitos_automaticos_tend6	8.63251486710466e-05	0.000425706457916005	0.000372856077554064
matm_lag1	8.60226385000103e-05	5.69516095250357e-05	0.000186428038777032
Master_mpagosdolares_avg6	8.54212383864035e-05	0.00171076292313437	0.000497141436738752
mvr_mpagosdolares_lag1	8.53910703172018e-05	0.000862569783615233	0.00031071339796172
ctarjeta_visa_descuentos_tend6	8.40169947048817e-05	0.000989672690866986	0.000372856077554064
cseguro_vida_tend6	8.27853078520282e-05	0.00199549540160581	0.000497141436738752
Visa_msaldodolares_delta1	8.16474397387622e-05	0.00015753756100741	0.000248570718369376
Master_mconsumospesos_lag1	8.1210978106405e-05	0.000309313926785752	0.00031071339796172
mvr_mpagado_lag1	8.05489997036748e-05	0.000296198306862243	0.00031071339796172
mv_status02_tend6	7.98759282410983e-05	0.000183619841163379	0.000248570718369376
mv_mconsumototal_tend6	7.94554778850741e-05	1.44934486392762e-05	0.000186428038777032
mvr_msaldodolares_tend6	7.65800132873284e-05	3.1592045373359e-05	0.000186428038777032
matm_delta1	7.57338115801707e-05	0.000309931266883763	0.00031071339796172
mv_msaldodolares	7.45935832494057e-05	4.86133535291217e-05	0.000248570718369376
tcuentas_tend6	7.3960004914813e-05	0.00101309868462069	0.00031071339796172
mtarjeta_master_consumo_tend6	7.34608886637116e-05	0.00027989196648237	0.000248570718369376
Master_mconsumosdolares_avg6	7.32515463582003e-05	0.000593953039104944	0.00031071339796172
mv_mconsumosdolares_lag1	7.21705366628267e-05	0.000314579429102737	0.000248570718369376
Master_mlimitecompra_delta1	7.14125545238725e-05	0.000238452310220187	0.000248570718369376
mv_status03_delta1	7.10894216845313e-05	0.00122080001966066	0.000372856077554064
ccheques_emitidos_tend6	7.1043453656861e-05	0.00143177885531512	0.000372856077554064
mv_mlimitecompra_delta1	7.08842824236598e-05	0.000120720110399052	0.000186428038777032
Visa_msaldodolares_lag1	7.0801412731922e-05	0.000266202202834197	0.000248570718369376
Master_mconsumosdolares_delta1	7.04232996468101e-05	7.80060642702823e-05	0.000186428038777032
mprestamos_prendarios_delta1	6.76543580532112e-05	0.00184705038662935	0.000434998757146408
mv_mconsumospesos_lag1	6.72123096578143e-05	5.03582545654826e-05	0.00031071339796172
Visa_status_lag1	6.53382713949043e-05	2.58153536874846e-05	0.000124285359184688
Master_msaldodolares_avg6	6.45354236908744e-05	0.000322444462048936	0.000248570718369376
mpagomiscuentas_delta1	6.44765502330622e-05	0.000101869832928755	0.000248570718369376
mcaja_ahorro_adicional_lag1	6.384975287065e-05	0.00105827996037869	0.000372856077554064
Master_mpagominimo_delta1	6.36900116056297e-05	0.000176454666947683	0.000248570718369376
ctarjeta_visa_debitos_automaticos_delta1	6.24580149201779e-05	3.40267324432991e-05	0.000124285359184688
ctarjeta_master_trx	6.22221950878821e-05	0.000679068102935001	0.00031071339796172
mcajeros_propios_descuentos_avg6	6.1900709926266e-05	0.00175218901999684	0.000434998757146408
cseguro_vivienda_avg6	6.18171998887578e-05	0.000106772524450769	0.000186428038777032
mv_msaldopesos_delta1	6.18166644498987e-05	0.000290370864280329	0.000248570718369376
cseguro_vida_lag1	6.09599795718199e-05	0.00081054411029742	0.00031071339796172
ccheques_depositados_delta1	6.08848395265895e-05	0.00200883959426721	0.000434998757146408
ctarjeta_master_trx_lag1	6.0820857967021e-05	0.000170793036453593	0.000186428038777032
mttarjeta_master_debitos_automaticos_tend6	5.98645716848784e-05	0.000985797220725503	0.00031071339796172
mv_status04_avg6	5.93416817980288e-05	2.15976055562986e-05	0.000248570718369376
cseguro_auto_avg6	5.90242966541934e-05	0.00116852311003688	0.00031071339796172
ctarjeta_visa_avg6	5.83142738941721e-05	0.00153283163755878	0.000372856077554064
catm_trx_delta1	5.7803196751141e-05	5.71191649642511e-05	0.000186428038777032
mv_Fvencimiento_delta1	5.61169087705365e-05	3.09287970220602e-05	0.000186428038777032
mvr_mconsumototal_tend6	5.55835078879936e-05	3.62156069671534e-05	0.000186428038777032
catm_trx_other	5.55556680754039e-05	0.00119575948881348	0.00031071339796172
Master_status_lag1	5.49168496593924e-05	0.00115776953754204	0.000248570718369376
mv_mpagado	5.47449730336006e-05	0.000950117403752419	0.000248570718369376
active_quarter_tend6	5.34134140491703e-05	0.00090181862829646	0.000248570718369376
Visa_msaldodolares	5.33946819613314e-05	0.000567541459241847	0.000248570718369376
mtarjeta_master_consumo_delta1	5.25941392012667e-05	0.00120502520774924	0.00031071339796172
mvr_mpagado_delta1	5.22333323724251e-05	0.00047461056371595	0.000186428038777032
Visa_delinquency	5.1905737793265e-05	2.74285348409942e-05	6.2142679592344e-05
Master_mpagosdolares_tend6	5.16820758823667e-05	0.000541879714182452	0.000248570718369376
cextraccion_autoservicio	5.16770565190731e-05	0.000274676052827164	0.000124285359184688
mvr_Master_mlimitecompra_delta1	5.15812874133604e-05	0.000213220398131451	0.000124285359184688
ccajas_trx_lag1	5.09488288378424e-05	0.000145070080389814	0.000124285359184688
ccheques_depositados_tend6	5.02493817473092e-05	4.48878116072377e-05	0.000186428038777032
mv_status01_tend6	4.99575690731418e-05	1.64692468820472e-05	0.000124285359184688
cinversion2_avg6	4.99507019945718e-05	0.00122791095627754	0.00031071339796172
mvr_mconsumosdolares	4.98554401269356e-05	6.1572265533179e-05	0.000186428038777032
Master_status_avg6	4.98310137370727e-05	0.000274681476587046	0.000124285359184688
catm_trx_other_lag1	4.9235468857956e-05	0.000440771919517134	0.000248570718369376
mcuenta_debitos_automaticos_delta1	4.73343909326614e-05	0.000122095033529168	0.000186428038777032
catm_trx	4.70866474334689e-05	0.000590567644409953	0.000248570718369376
Master_msaldodolares	4.67797259080119e-05	0.00136892755097831	0.00031071339796172
mvr_mconsumototal_avg6	4.60835237875307e-05	2.23869563248566e-05	0.000186428038777032
Visa_status_delta1	4.59659701412697e-05	6.71920555938921e-05	6.2142679592344e-05
mvr_mpagosdolares_delta1	4.53919262908336e-05	5.08303153809368e-05	0.000124285359184688
mttarjeta_master_debitos_automaticos_delta1	4.4760646884039e-05	0.000556554471366359	0.000248570718369376
Master_mconsumototal_avg6	4.41353377709275e-05	9.85169807930569e-05	0.000124285359184688
ccajas_otras	4.35953973149033e-05	0.000335788461004623	0.000124285359184688
Master_mconsumosdolares_tend6	4.33608013965726e-05	9.49061126515377e-06	0.000124285359184688
mv_msaldodolares_delta1	4.28096453013003e-05	9.4261266342696e-05	0.000124285359184688
cpagomiscuentas_delta1	4.2315802220536e-05	0.000452696055617967	0.000186428038777032
matm	3.99210865161745e-05	6.75308468808143e-05	0.000124285359184688
Visa_mpagosdolares	3.98708161771096e-05	0.000292214555228829	0.000186428038777032
ctarjeta_master_descuentos_tend6	3.9542031900934e-05	0.00136116343870706	0.00031071339796172
Master_msaldodolares_lag1	3.95309290648163e-05	5.53938282046078e-05	0.000124285359184688
thomebanking_delta1	3.93069968024155e-05	2.17578001785311e-05	6.2142679592344e-05
matm_other_delta1	3.92776055707719e-05	4.60893681268367e-05	0.000186428038777032
cpayroll_trx_lag1	3.92300319785451e-05	0.000195529061924536	6.2142679592344e-05
active_quarter_lag1	3.90875360561047e-05	3.89813370956127e-06	6.2142679592344e-05
Master_mpagado	3.90498793630843e-05	0.000177265519050059	0.000186428038777032
cprestamos_hipotecarios	3.89631638366198e-05	0.000294274809161193	6.2142679592344e-05
ccajas_depositos_lag1	3.81430971107406e-05	0.000351080751992251	0.000124285359184688
Visa_mconsumototal_avg6	3.79840401847116e-05	2.96563442125736e-05	0.000124285359184688
ccajas_extracciones_lag1	3.76427475454132e-05	0.000277590742646672	0.000124285359184688
tpaquete9_lag1	3.69792500605265e-05	0.000379353068906335	0.000124285359184688
tpaquete7_avg6	3.66426966567479e-05	0.000121436434114911	0.000124285359184688
Visa_mpagosdolares_lag1	3.5833336451988e-05	0.00037564999684682	0.000124285359184688
ctarjeta_master_trx_delta1	3.57473736984139e-05	0.000169559905903252	0.000186428038777032
active_quarter	3.55557362202337e-05	4.10460462593085e-05	0.000124285359184688
Master_Finiciomora_lag1	3.5392037821398e-05	0.000873101175660623	0.000186428038777032
mv_mpagado_lag1	3.47942654564659e-05	0.000232174695568058	0.000124285359184688
Master_delinquency	3.45133931819083e-05	5.26162820278338e-06	6.2142679592344e-05
tpaquete9_avg6	3.41129292845333e-05	0.000355961361063316	0.000124285359184688
mcheques_depositados_delta1	3.40735226389495e-05	0.00167069121659674	0.000372856077554064
mforex_sell_lag1	3.3049076193277e-05	2.16644340262747e-05	0.000124285359184688
Visa_fechaalta_delta1	3.29218553187383e-05	6.0488482085306e-06	6.2142679592344e-05
ccajeros_propios_descuentos_avg6	3.23790947844533e-05	0.000339252693923616	0.000124285359184688
Visa_mconsumototal	3.20523138918741e-05	6.18153661993238e-05	0.000124285359184688
Master_msaldodolares_tend6	3.15610329462123e-05	8.30774734657715e-05	0.000124285359184688
mcaja_ahorro_adicional_tend6	3.12697105896518e-05	0.000333312127207017	0.000124285359184688
mv_status06	3.12058730420799e-05	3.64519279334456e-05	6.2142679592344e-05
cpagomiscuentas_lag1	3.10339332465351e-05	4.23624702649822e-05	0.000186428038777032
Visa_mlimitecompra_delta1	3.09999697280049e-05	0.000167723769477445	0.000124285359184688
Master_msaldopesos_delta1	3.06662860358643e-05	0.000169884556673338	6.2142679592344e-05
Master_mconsumototal_lag1	3.05949403119311e-05	1.15006954186082e-05	6.2142679592344e-05
matm_other_lag1	3.0229202482248e-05	8.10251614675206e-06	6.2142679592344e-05
Visa_mconsumototal_lag1	3.01011694251702e-05	1.08029674509159e-05	6.2142679592344e-05
cplazo_fijo_lag1	3.00483986167142e-05	0.000220423151254901	6.2142679592344e-05
mvr_msaldodolares_lag1	2.94872977974634e-05	3.47349205193355e-05	0.000124285359184688
Master_status_delta1	2.94128417152138e-05	6.89127434164936e-06	6.2142679592344e-05
mtarjeta_visa_descuentos_delta1	2.92681100347283e-05	0.000180104082525507	0.000124285359184688
cseguro_vivienda_lag1	2.89369764453562e-05	7.18473849241389e-05	0.000124285359184688
cpayroll_trx_delta1	2.86811494738372e-05	6.7489006447438e-06	6.2142679592344e-05
ccajas_extracciones	2.86519673039954e-05	0.000147542540073219	0.000124285359184688
cprestamos_prendarios_avg6	2.80771879771489e-05	0.00116680222850857	0.000248570718369376
mcheques_depositados_tend6	2.75839908823115e-05	0.000419168115378113	0.000124285359184688
mprestamos_prendarios_tend6	2.72197112210944e-05	0.000207578525619789	6.2142679592344e-05
minversion2_lag1	2.71448377672623e-05	0.000529545309387678	0.000124285359184688
Visa_madelantopesos_avg6	2.68890175639311e-05	8.14648734293922e-06	6.2142679592344e-05
ccajas_trx	2.66956466776467e-05	0.000176932151523019	0.000124285359184688
mv_status04_lag1	2.66071962390362e-05	6.05988943400491e-06	6.2142679592344e-05
mcaja_ahorro_adicional_delta1	2.60260593277587e-05	0.000374146646830923	0.000124285359184688
mv_msaldodolares_tend6	2.60163417140827e-05	8.23752902667475e-05	0.000124285359184688
cextraccion_autoservicio_delta1	2.58474709157064e-05	1.63472122846996e-05	0.000124285359184688
ctarjeta_debito_delta1	2.44794047021547e-05	0.00117709923664477	0.000248570718369376
mvr_mconsumototal_lag1	2.43229839852839e-05	1.91280514585448e-05	0.000124285359184688
ctarjeta_visa	2.39825516578602e-05	4.40221407889099e-05	6.2142679592344e-05
mtarjeta_master_descuentos_avg6	2.3591754236742e-05	0.000314975750985551	0.000124285359184688
ccheques_emitidos	2.23479079584492e-05	0.000240805059774766	6.2142679592344e-05
ccajas_extracciones_delta1	2.18944743430982e-05	0.000803611964050945	0.000186428038777032
tpaquete7	2.18503017652538e-05	0.000132979357378316	6.2142679592344e-05
mv_status02_lag1	2.17152358090043e-05	2.40264814549365e-05	6.2142679592344e-05
mvr_mpagosdolares	2.13218040587802e-05	4.60260263596419e-05	6.2142679592344e-05
cseguro_accidentes_personales	2.12088114190929e-05	2.07061718785307e-05	6.2142679592344e-05
mtarjeta_visa_descuentos_tend6	2.119039593204e-05	3.42706079322843e-05	6.2142679592344e-05
mv_mconsumototal_avg6	2.11083399268831e-05	6.87054783067127e-06	6.2142679592344e-05
tcuentas_delta1	2.08572619671551e-05	0.000570545447393699	0.000124285359184688
mvr_mconsumototal	2.08325152164017e-05	0.000105576004279632	6.2142679592344e-05
Master_mconsumototal	2.06367145506879e-05	1.24023954990101e-05	6.2142679592344e-05
Visa_mpagado_delta1	2.0385884005826e-05	0.000299276484301054	0.000124285359184688
Visa_Finiciomora_delta1	2.03727101042337e-05	0.000266647338555951	6.2142679592344e-05
cseguro_vida	1.99750730533073e-05	2.6246930009533e-05	6.2142679592344e-05
cseguro_auto_lag1	1.997232516905e-05	7.34353843353386e-05	6.2142679592344e-05
Visa_mlimitecompra_tend6	1.90487081775212e-05	3.20807648798797e-05	6.2142679592344e-05
Master_msaldodolares_delta1	1.81213386018534e-05	1.11992893337306e-05	6.2142679592344e-05
cinversion1_tend6	1.79073194785545e-05	0.000165119008794059	6.2142679592344e-05
ccomisiones_mantenimiento_lag1	1.7645559062375e-05	4.75082624531404e-06	6.2142679592344e-05
ctarjeta_master_debitos_automaticos_lag1	1.75646491370232e-05	1.48560657285377e-05	6.2142679592344e-05
mcheques_depositados	1.73177892623523e-05	6.98688748014268e-05	6.2142679592344e-05
tcallcenter_delta1	1.70206628087209e-05	5.9181743365136e-05	6.2142679592344e-05
Visa_cadelantosefectivo_tend6	1.68932659612988e-05	1.4411123712494e-05	6.2142679592344e-05
ccajeros_propios_descuentos_lag1	1.68007237771372e-05	7.06580318642747e-06	6.2142679592344e-05
mcajeros_propios_descuentos_tend6	1.65698969874045e-05	5.5099589231003e-06	6.2142679592344e-05
mvr_mconsumototal_delta1	1.64696119963704e-05	2.49326367666701e-05	6.2142679592344e-05
mv_mpagosdolares_lag1	1.6067444771726e-05	1.02408334802765e-05	6.2142679592344e-05
mcheques_emitidos_delta1	1.60452579000125e-05	0.000583315108919012	0.000124285359184688
ccajas_consultas_lag1	1.58796410959386e-05	1.62914250401978e-05	6.2142679592344e-05
mplazo_fijo_dolares_lag1	1.58434290350086e-05	0.000445086326797648	0.000124285359184688
ctarjeta_visa_descuentos_delta1	1.56713546277281e-05	0.00050126040160244	0.000124285359184688
mprestamos_prendarios_avg6	1.5473008371371e-05	0.000188093280831865	6.2142679592344e-05
tpaquete7_delta1	1.52602210582564e-05	0.000218860139880302	6.2142679592344e-05
Visa_delinquency_lag1	1.52118946931392e-05	1.50782461779944e-05	6.2142679592344e-05
cseguro_vivienda	1.51913494829839e-05	4.09736003237402e-05	6.2142679592344e-05
mv_status03_tend6	1.49953367473849e-05	1.87383155698727e-05	6.2142679592344e-05
Master_mconsumototal_tend6	1.46149187183079e-05	0.000278105031306922	0.000124285359184688
Master_mpagado_delta1	1.44504525061644e-05	4.50443258209788e-06	6.2142679592344e-05
Visa_Fvencimiento_delta1	1.43289214215245e-05	4.1265127417404e-06	6.2142679592344e-05
Master_mpagado_lag1	1.40269083362829e-05	3.22746642956654e-05	6.2142679592344e-05
mv_status07_lag1	1.33991363548238e-05	3.78036063783531e-06	6.2142679592344e-05
mv_mconsumototal	1.29635387944457e-05	7.87181264605202e-06	6.2142679592344e-05
mtarjeta_master_consumo_avg6	1.18784403616045e-05	0.000251043181375101	6.2142679592344e-05
cseguro_auto	1.18687250039911e-05	0.000192869482525199	6.2142679592344e-05
mv_status05_tend6	1.17108269421221e-05	0.00030418401846582	0.000124285359184688
ccajeros_propios_descuentos_tend6	1.06191878077682e-05	0.000567220295174541	0.000124285359184688
ccheques_depositados_lag1	9.11578791853741e-06	0.000282730336252107	6.2142679592344e-05
cprestamos_prendarios_lag1	8.27410736084725e-06	0.000291752567110298	6.2142679592344e-05
mvr_msaldodolares	8.16347155456499e-06	0.000281469505785225	6.2142679592344e-05
mcheques_emitidos_tend6	7.85651017200198e-06	0.000265547671239852	6.2142679592344e-05
Visa_status_tend6	7.67922049999143e-06	0.000214376433809182	6.2142679592344e-05
