Feature	Gain	Cover	Frequency
ctrx_quarter_normalizado	0.288133306207815	0.0334177206471655	0.00920598388952819
mv_status07_tend6	0.0667836198627181	0.000723976766024764	0.000191791331031837
mcuentas_saldo	0.0443678091325296	0.0151969502867165	0.0172612197928654
mdescubierto_preacordado_tend6	0.0393541995911447	0.00279599732598426	0.00115074798619102
mtarjeta_visa_consumo	0.0353235083877293	0.0295387863215813	0.0190512722158292
cpayroll_trx	0.0241959767382929	0.021528661606931	0.00722414013553254
foto_mes	0.0236311225873127	0.0159413686223437	0.0184119677790564
mcaja_ahorro	0.0231012802926605	0.0099160297144139	0.0120189234113285
mprestamos_personales	0.0203509268085552	0.0107719186360337	0.00594553126198696
ctrx_quarter	0.0187666200931532	0.00344758062406021	0.0058176703746324
mpasivos_margen	0.0139742617117431	0.00514263115018001	0.00505050505050505
mpayroll	0.012642640570717	0.0171822508441545	0.00626518348037335
mprestamos_personales_tend6	0.0124782667941648	0.00726976888603421	0.00396368750799131
mdescubierto_preacordado	0.0106962433214998	0.000492629848942915	0.000639304436772791
ccomisiones_mantenimiento_tend6	0.0104263148604574	0.00341649948549232	0.00383582662063675
mpayroll_sobre_edad	0.0099576832398693	0.0241353351914434	0.0106763840941056
cprestamos_personales_tend6	0.00958495210813276	0.000638215504058242	0.00070323488045007
mdescubierto_preacordado_delta1	0.00771538194637871	0.00443159021306042	0.00147040020457742
mv_status07_avg6	0.00513106762098626	0.000118604947690567	0.000383582662063675
cproductos_delta1	0.00467027290011738	0.00292487231359862	0.00140646976090014
Master_fechaalta	0.00452534295102324	0.00359758675299305	0.00607339214934152
ccaja_ahorro	0.00451347644766638	0.00797385213241194	0.00498657460682777
Visa_status	0.00443359580967275	0.00142361410166722	0.000255721774709117
tcallcenter_tend6	0.00429351119946612	0.00309461517826719	0.00236542641605933
mcuentas_saldo_tend6	0.00409308555326458	0.00265140694808752	0.00498657460682777
tmobile_app	0.00401860423112748	0.00551916228156597	0.00415547883902314
mcaja_ahorro_dolares_delta1	0.00382693095315679	0.00818106403943241	0.00338831351489579
mactivos_margen	0.00364462802138153	0.00653111964335528	0.00920598388952819
mcomisiones_mantenimiento_tend6	0.00357284345241449	0.00614207817332488	0.00588160081830968
ctarjeta_visa_trx_tend6	0.00341861761724736	0.00258409623879684	0.00351617440225035
mcuenta_corriente	0.00324912171036309	0.00225153952585788	0.00383582662063675
cproductos_tend6	0.00319445712263455	0.00555612119809439	0.00281293952180028
mprestamos_personales_lag1	0.00311953419049301	0.000213960090057844	0.000575373993095512
mv_status06_tend6	0.0030693453356607	0.000715966449377008	0.000319652218386396
mactivos_margen_avg6	0.00296799659539386	0.00487908109521228	0.00600946170566424
Visa_fechaalta_tend6	0.0028977788073523	0.00522289803791008	0.00409154839534586
mcuenta_corriente_tend6	0.00284696762609194	0.00425270624512724	0.00620125303669607
mcuenta_corriente_avg6	0.00278430061236331	0.00570748935835099	0.00805523590333717
internet	0.00267446859216944	0.0060073526946254	0.00396368750799131
mprestamos_personales_delta1	0.00260931620789486	0.00667647220380604	0.00210970464135021
mrentabilidad_avg6	0.00255972938743805	0.00272976051711252	0.00383582662063675
mv_fechaalta_tend6	0.00254867739240977	0.00192114911333336	0.00287686996547756
mtarjeta_visa_debitos_automaticos_tend6	0.00249352610329975	0.00632849933123545	0.0046029919447641
cproductos	0.00243473298848987	0.0168271468473119	0.00946170566423731
cliente_edad_avg6	0.00242117056886017	0.0092133774102826	0.00882240122746452
mcomisiones_mantenimiento	0.00240109060121793	0.00523516094471812	0.00319652218386396
thomebanking	0.0022887571072159	0.00168911123706723	0.00179005242296382
ctarjeta_visa_trx_lag1	0.00227765019526637	0.00042887475826586	0.00166219153560926
Visa_fultimo_cierre_tend6	0.00222020242111224	0.00136672189140218	0.00210970464135021
mtransferencias_recibidas	0.00212713923909967	0.00592386364314909	0.00313259174018668
Visa_Finiciomora	0.00209900286959292	0.00757990272472183	0.00134253931722286
ctarjeta_visa_debitos_automaticos_tend6	0.00204298569234927	0.00258431268384252	0.00332438307121851
mactivos_margen_lag1	0.00200827402559771	0.00139730585385019	0.00319652218386396
cliente_edad	0.00200364335142255	0.00705463129792872	0.00773558368495077
mrentabilidad_annual_tend6	0.00196057940705979	0.00257485477532943	0.00441120061373226
mv_mpagominimo_avg6	0.00194519507539645	0.00327295109624497	0.00345224395857307
mtransferencias_emitidas_avg6	0.00192472467921482	0.00487526463256925	0.00895026211481908
ctrx_quarter_delta1	0.00189437713631046	0.0027646766179	0.00434727017005498
thomebanking_avg6	0.00184091641498964	0.00100762846087575	0.00300473085283212
ctarjeta_visa_trx	0.00183597701150784	0.00629159683841552	0.00773558368495077
ccomisiones_mantenimiento_delta1	0.00181973425828631	0.00336715926486592	0.00172612197928654
ccomisiones_mantenimiento_avg6	0.00179695293011711	0.00443743006688902	0.0042833397263777
ccaja_seguridad	0.001764973867997	0.00701789483880836	0.0015343306482547
mvr_mpagominimo_avg6	0.00173154586176857	0.00387308105956267	0.00351617440225035
Visa_fechaalta	0.00171423303486469	0.0023864703498571	0.0030686612965094
mv_msaldopesos	0.00164409885204596	0.00115767575136642	0.00204577419767293
cliente_edad_lag1	0.00161816522857801	0.00443694445300448	0.00677662702979159
mcomisiones_mantenimiento_avg6	0.00161152250361935	0.00462310800431155	0.00281293952180028
mactivos_margen_tend6	0.00159069385594786	0.00183273824951493	0.00351617440225035
mv_status02	0.00158144566840339	0.00113923768590475	0.000575373993095512
ctrx_quarter_tend6	0.00157235347758423	0.00235057099657579	0.00351617440225035
mcuentas_saldo_delta1	0.00156943151777627	0.00781046757220488	0.00479478327579593
ctransferencias_emitidas_avg6	0.00156619331771696	0.00118357423356279	0.00249328730341389
internet_tend6	0.00156583124534908	0.00213207573532581	0.00236542641605933
mv_mpagominimo	0.0015387672934731	0.00570332232873227	0.00396368750799131
Master_fechaalta_tend6	0.00153296751639966	0.00092290733760096	0.002749009078123
chomebanking_trx_delta1	0.00153274820843707	0.0043544719532598	0.00287686996547756
chomebanking_trx	0.00147194076024638	0.00216004570760678	0.00326045262754124
mrentabilidad_annual_delta1	0.00144470787585119	0.00187622474163032	0.00421940928270042
ccaja_ahorro_tend6	0.00143691587040255	0.00473609370562392	0.000895026211481908
mv_fechaalta_avg6	0.00142663496119962	0.00104946479076255	0.00210970464135021
mcuenta_debitos_automaticos	0.0013938976890819	0.00495659894586647	0.00294080040915484
ccaja_ahorro_avg6	0.00138831639271851	0.00218183450887174	0.00236542641605933
mpayroll_avg6	0.00138516221451295	0.00439200990653434	0.00294080040915484
mcaja_ahorro_delta1	0.0013783402047065	0.00471740589587878	0.00364403528960491
mcaja_ahorro_lag1	0.00137188897657562	0.00230595371784355	0.00434727017005498
mv_status01_avg6	0.0013387967015108	0.000325790955303856	0.000319652218386396
ctransferencias_recibidas_avg6	0.00133727165989409	0.00495889011842265	0.00588160081830968
mrentabilidad_annual_lag1	0.00129466054738431	0.00124315813221639	0.00294080040915484
mrentabilidad_annual	0.00127205277316648	0.00138730498276526	0.00319652218386396
numero_de_cliente	0.00124699574592118	0.00490354817267281	0.00690448791714614
mv_fultimo_cierre_tend6	0.00123998541372394	0.00170664976061897	0.00287686996547756
Visa_delinquency_tend6	0.00123749302742485	0.00272749663143176	0.00134253931722286
ctarjeta_visa_trx_avg6	0.00122594704811722	0.005594262700054	0.00568980948727784
mrentabilidad_annual_avg6	0.00122533637822455	0.00157413544380708	0.00415547883902314
mtarjeta_master_consumo	0.00121936853751062	0.00162189765055345	0.00108681754251375
mv_Finiciomora	0.00118329924843769	0.0030217310090503	0.00070323488045007
mcaja_ahorro_avg6	0.00117494658104363	0.00178548848103909	0.00370796573328219
Master_fultimo_cierre_avg6	0.00116563830967344	0.00142788611638289	0.00447513105740954
mpagomiscuentas	0.00114125429680328	0.00637764854373394	0.00287686996547756
tmobile_app_delta1	0.00113424060404731	0.00587085079408736	0.00204577419767293
ccaja_ahorro_delta1	0.00113035617500193	0.00973423992549355	0.00115074798619102
chomebanking_trx_avg6	0.00111019847821184	0.00104361661212451	0.00415547883902314
mrentabilidad	0.00109581023002104	0.00117536689642473	0.00351617440225035
Visa_fultimo_cierre_avg6	0.00107173190463571	0.00164576256679716	0.00415547883902314
mcuenta_corriente_delta1	0.00106622334689647	0.00301834096164683	0.00332438307121851
mcuentas_saldo_lag1	0.00105337668230548	0.00456570381826538	0.002749009078123
mpasivos_margen_avg6	0.00105066363062062	0.000655166666054408	0.00255721774709116
Master_fultimo_cierre_tend6	0.00105061916508603	0.00542600350142503	0.00389975706431403
Visa_fechaalta_avg6	0.00104750541482588	0.00129891076856573	0.00204577419767293
mcaja_ahorro_dolares_tend6	0.00104559802469944	0.00215566685783651	0.00262114819076844
Master_Fvencimiento	0.00101085187812215	0.00167046551385874	0.00377189617695947
cplazo_fijo	0.000964023177641187	0.00370823503280786	0.00070323488045007
Visa_mpagospesos_tend6	0.000955070619110334	0.000894830992754806	0.00281293952180028
mcomisiones_avg6	0.000940271214185374	0.0012323636292973	0.00326045262754124
Visa_mfinanciacion_limite	0.00093701401436882	0.00138024184443705	0.002749009078123
mv_msaldototal	0.000917040356432027	0.000622917741716565	0.00147040020457742
mrentabilidad_tend6	0.000916219281878628	0.00484334546318348	0.00511443549418233
mpayroll_sobre_edad_avg6	0.000915384820087181	0.00283524140270647	0.00210970464135021
mrentabilidad_delta1	0.000910490582869751	0.00153658084091363	0.00242935685973661
mv_msaldopesos_lag1	0.000897013300352742	0.000187707340970473	0.000447513105740954
mv_fultimo_cierre_avg6	0.000893410036181356	0.00171143745103107	0.0030686612965094
Visa_mpagado_avg6	0.000876899975951821	0.00262421210806415	0.00217363508502749
mv_mpagominimo_delta1	0.000874491320528123	0.00324730698322622	0.00179005242296382
ctarjeta_visa_debitos_automaticos_avg6	0.000863877421162718	0.00163786509756638	0.00191791331031837
tcallcenter_avg6	0.000853944845785096	0.000723189609042404	0.00242935685973661
ccajas_trx_avg6	0.000840401061327232	0.00644879837764893	0.00690448791714614
ccallcenter_trx	0.000830289940146906	0.00591453476918247	0.00255721774709116
internet_avg6	0.000828774223914148	0.00164225689704023	0.00287686996547756
ctrx_quarter_normalizado_delta1	0.000826456576975146	0.00240158126647558	0.00185398286664109
mcuenta_corriente_lag1	0.000819557446414081	0.00152893404094516	0.00230149597238205
mv_status01	0.000817380830637237	0.000395861801416348	0.000447513105740954
mvr_mpagospesos_tend6	0.000817013681739963	0.00103385114815122	0.00166219153560926
mcomisiones_otras	0.000814137231473093	0.00152391371835789	0.00255721774709116
mpasivos_margen_tend6	0.000808964478854109	0.00103338079641734	0.00268507863444572
Master_status	0.000805490541291686	0.000405948233042845	0.000255721774709117
cprestamos_personales	0.000802414530452762	0.00116785329340744	0.000831095767804629
mvr_mpagominimo	0.000785926047819873	0.0125354499696612	0.00709627924817798
ccomisiones_otras_tend6	0.000782478598721368	0.000909279624532668	0.00281293952180028
Visa_mpagominimo	0.000780869659381264	0.00196339243390434	0.00370796573328219
ccomisiones_otras_avg6	0.000780725564434504	0.00309892049222066	0.00377189617695947
mv_Fvencimiento_tend6	0.000779570952925158	0.000841427802627794	0.00249328730341389
Visa_cconsumos_avg6	0.000772115449189339	0.000577016129882082	0.00198184375399565
mcomisiones_tend6	0.000769052571640238	0.00134997329976928	0.00249328730341389
mv_cconsumos_tend6	0.000764280526162013	0.000794450902906127	0.00179005242296382
tcallcenter	0.000760518900701161	0.000663114084141882	0.000958956655159187
ccallcenter_trx_delta1	0.000742075442892496	0.00104499298062011	0.000639304436772791
Master_Fvencimiento_tend6	0.000739096197084185	0.00108364183346671	0.00242935685973661
Master_mpagospesos_tend6	0.000737546640709021	0.00420036955558855	0.00230149597238205
chomebanking_trx_tend6	0.000727529082622008	0.00121092585749745	0.00294080040915484
ctarjeta_debito_avg6	0.000716570875486872	0.00143217478071745	0.00332438307121851
mv_mfinanciacion_limite_tend6	0.000714699769144212	0.00143475038426315	0.000958956655159187
tmobile_app_avg6	0.00071106865056766	0.000648606253719048	0.00223756552870477
ctarjeta_visa_tend6	0.000702919303995616	3.06810852249162e-05	6.39304436772791e-05
cliente_antiguedad	0.00069843841710884	0.0020400741036983	0.00326045262754124
Master_Fvencimiento_lag1	0.000683121741634204	0.000935777030519963	0.00262114819076844
mtransferencias_recibidas_lag1	0.000679730756516504	0.00169866673084663	0.00242935685973661
ccallcenter_trx_tend6	0.000673218250657718	0.00237934153803212	0.00242935685973661
mcaja_ahorro_tend6	0.000667118642872063	0.000717624936415048	0.00262114819076844
Visa_cconsumos_tend6	0.000666749738515683	0.000733516997653513	0.00249328730341389
mcomisiones_otras_avg6	0.000665044735484378	0.00106244178122557	0.00313259174018668
Master_mfinanciacion_limite	0.000664944841373019	0.000968077753672156	0.00223756552870477
mv_Fvencimiento	0.000664508855154246	0.000992391747136699	0.00262114819076844
mtransferencias_recibidas_avg6	0.000663651375224229	0.00107185991564906	0.00294080040915484
mvr_msaldopesos2_tend6	0.000663264556740898	0.00132794030409381	0.00204577419767293
internet_delta1	0.000658494906330187	0.000240218389018182	0.000511443549418233
Visa_Fvencimiento_tend6	0.000644829576693558	0.00164437556104504	0.00191791331031837
ctransferencias_recibidas_tend6	0.000640678113227548	0.00206983437250026	0.00319652218386396
mcaja_ahorro_dolares	0.000635713018711434	0.00118866346707271	0.00191791331031837
mv_fechaalta_lag1	0.000630096138123483	0.00333201978169156	0.00268507863444572
mprestamos_personales_avg6	0.000626943880162745	0.000744310113104362	0.000511443549418233
mcaja_ahorro_dolares_avg6	0.000622350899510383	0.000708036605887259	0.00230149597238205
mtarjeta_visa_debitos_automaticos_avg6	0.000618927962111584	0.000528935267929573	0.00179005242296382
Master_Fvencimiento_avg6	0.000612967692764161	0.000598188895247805	0.00223756552870477
cmobile_app_trx_tend6	0.00060427775596651	0.000995927941194941	0.00262114819076844
Visa_Fvencimiento	0.000602681988150282	0.00071661069713049	0.00217363508502749
Visa_msaldopesos	0.000602655099543796	0.00451690008535904	0.00383582662063675
mautoservicio	0.000597050592180055	0.00248216172202824	0.00127860887354558
mv_mpagominimo_tend6	0.000587990452761656	0.00072831861664192	0.00140646976090014
tcuentas_avg6	0.000586812323231246	0.00161360937776798	0.000319652218386396
mv_fechaalta	0.000584631255492123	0.00110650361017178	0.00204577419767293
mcomisiones_otras_tend6	0.000582481835061779	0.00260853695436078	0.00313259174018668
Visa_mpagominimo_lag1	0.000576539928553692	0.000672618704085765	0.00166219153560926
Visa_msaldototal_tend6	0.000569638594649241	0.00158146682599532	0.00172612197928654
Visa_cconsumos_lag1	0.000566114295517494	0.00209393608332385	0.00268507863444572
cliente_antiguedad_avg6	0.000564801656055099	0.00113557661970477	0.00217363508502749
mcomisiones_mantenimiento_lag1	0.000562208565603655	0.000725766137566922	0.00108681754251375
Master_fechaalta_avg6	0.000556405433716429	0.00107455669142118	0.00236542641605933
cproductos_avg6	0.000555490548869068	0.00143711278018905	0.00358010484592763
tpaquete7_tend6	0.000554774748078713	0.00586903922305334	0.000575373993095512
ccajas_trx_delta1	0.000545205426916462	0.00168876853241157	0.000575373993095512
Visa_mpagominimo_avg6	0.000534894589081537	0.00124661246564839	0.00198184375399565
mv_Finiciomora_avg6	0.000534162909748425	0.000558823646299163	0.000255721774709117
Visa_Fvencimiento_avg6	0.000530721379544021	0.000819296296707175	0.00281293952180028
Visa_fultimo_cierre	0.000529846827623083	0.000759575038697657	0.0015343306482547
cprestamos_personales_avg6	0.000521665319301131	0.00161800811458304	0.00115074798619102
Visa_mpagospesos_avg6	0.00051941054668101	0.000909755063650099	0.00210970464135021
Visa_Fvencimiento_lag1	0.000516634912211337	0.000801644000759624	0.00210970464135021
mactivos_margen_delta1	0.000516447918399459	0.000981918674360229	0.00147040020457742
mpayroll_tend6	0.000514475126349751	0.0023405280389542	0.00191791331031837
cplazo_fijo_tend6	0.000513853378742932	0.00291915686942235	0.000767165324127349
mv_Fvencimiento_avg6	0.000511887207994793	0.000714509607723403	0.00236542641605933
Master_fechaalta_lag1	0.00051067225049105	0.00137361252117903	0.00294080040915484
Visa_fechaalta_lag1	0.000509422455256392	0.000854467691651091	0.00242935685973661
Master_mfinanciacion_limite_avg6	0.000508056716190587	0.000640350355192541	0.00210970464135021
mvr_Visa_mlimitecompra_avg6	0.000502482747724994	0.000334765562379475	0.0015343306482547
ccuenta_debitos_automaticos_tend6	0.00050224832570233	0.00122279102340959	0.000831095767804629
Visa_mconsumospesos_tend6	0.000500679132370359	0.000618733137500115	0.00191791331031837
mpayroll_sobre_edad_delta1	0.000496842917612266	0.0033556289412894	0.00159826109193198
mcomisiones	0.000494410098615289	0.000436530345533199	0.00140646976090014
chomebanking_trx_lag1	0.000493150460309643	0.000679882100330166	0.00210970464135021
ccomisiones_mantenimiento	0.000493083962390822	0.00169905892186957	0.000575373993095512
Visa_mfinanciacion_limite_lag1	0.000484715727831946	0.000532935801359313	0.00147040020457742
mvr_mpagominimo_tend6	0.000482628054137733	0.00282903895717743	0.00172612197928654
thomebanking_tend6	0.000473611587627709	0.000678427108634217	0.000958956655159187
mrentabilidad_lag1	0.000466729896570627	0.000760243798390074	0.00210970464135021
mv_Finiciomora_lag1	0.00045487689816312	0.00128652900197833	0.000383582662063675
mcuentas_saldo_avg6	0.000448642629760327	0.00103982466142041	0.00198184375399565
mv_cconsumos_avg6	0.000437027105545323	0.000618920908202135	0.00140646976090014
Visa_mlimitecompra_lag1	0.000428761261955309	0.000353253114208427	0.00115074798619102
ccajas_consultas_avg6	0.000427987366168307	0.00333169326416538	0.00313259174018668
Visa_mconsumosdolares_tend6	0.000425545065511813	0.000524059704528842	0.00147040020457742
cmobile_app_trx_lag1	0.00042530750597277	0.000507719953537777	0.00140646976090014
ctrx_quarter_normalizado_tend6	0.000416319827344977	0.000505418143725082	0.00179005242296382
mforex_sell_avg6	0.000415218347093547	0.00106686133006425	0.00134253931722286
Visa_mconsumosdolares	0.0004138311526295	0.000268334045464512	0.00108681754251375
ccomisiones_otras	0.000410412164333646	0.003294387943066	0.00127860887354558
mcaja_ahorro_dolares_lag1	0.000406978827444703	0.00052602713449533	0.00147040020457742
mvr_mpagospesos	0.000404026841708652	0.000958775704091537	0.00159826109193198
mvr_mpagominimo_lag1	0.000400146359826523	0.000677267647673713	0.00127860887354558
mvr_msaldopesos2	0.00039971721415804	0.000848644487441397	0.002749009078123
cmobile_app_trx_avg6	0.000398100558670169	0.000540306957637139	0.00166219153560926
mv_status06_avg6	0.000397240080311135	3.77881600474382e-05	0.000191791331031837
mcomisiones_mantenimiento_delta1	0.000397061001166391	0.00112281884922392	0.000767165324127349
ccajas_consultas_delta1	0.000396571588944313	0.00512865287013602	0.000767165324127349
ccajas_extracciones_avg6	0.000392724625931194	0.000697969598816143	0.000895026211481908
mv_msaldopesos_tend6	0.000391211948840693	0.00052862077512816	0.00127860887354558
cmobile_app_trx_delta1	0.000389819296802671	0.0017989529353443	0.00115074798619102
Master_fultimo_cierre	0.000389309423922566	0.000684578680327739	0.00198184375399565
mv_Finiciomora_delta1	0.000388754000820625	0.000679856200922991	0.000191791331031837
mvr_Master_mlimitecompra	0.000388361005346534	0.000841070298310893	0.0015343306482547
cmobile_app_trx	0.000387839555654053	0.000643264963478578	0.00102288709883647
mtransferencias_emitidas_tend6	0.00038706276323689	0.00117324175756812	0.00210970464135021
mpasivos_margen_lag1	0.000381196331078561	0.000610950365643969	0.00166219153560926
Master_msaldototal_tend6	0.00037976555250392	0.00135297670602278	0.000639304436772791
Visa_msaldototal	0.000378904692963227	0.000730078851351006	0.00134253931722286
ccajas_trx_tend6	0.000374913601387475	0.000898918936683762	0.0015343306482547
mvr_msaldopesos2_avg6	0.000374597781612694	0.00173180317236964	0.00620125303669607
ccallcenter_trx_avg6	0.000371793771957877	0.000903793112616251	0.00191791331031837
mplazo_fijo_dolares_delta1	0.000371216882895794	0.00585247840212246	0.000639304436772791
mprestamos_prendarios	0.000368353814654854	0.00517452395766919	0.000575373993095512
mpayroll_sobre_edad_tend6	0.000367907269423102	0.00121584535739249	0.00166219153560926
mplazo_fijo_dolares	0.000367267902102846	0.00325319169852795	0.000511443549418233
mcuenta_debitos_automaticos_tend6	0.000366833960094894	0.00208930656429128	0.00127860887354558
cliente_antiguedad_lag1	0.00036424592221761	0.000549384699852045	0.0015343306482547
ctarjeta_debito_trx_avg6	0.000354883461278567	0.000839006670546327	0.00326045262754124
Visa_mpagospesos_lag1	0.000354476049107456	0.000696460495858774	0.00127860887354558
cextraccion_autoservicio_avg6	0.000352561407495027	0.000613605979858254	0.00210970464135021
mv_mpagominimo_lag1	0.0003489841676519	0.0011660343225428	0.0015343306482547
Visa_mpagominimo_tend6	0.000346155736463285	0.000421428678702991	0.000958956655159187
mpasivos_margen_delta1	0.00034278153874337	0.000486420003583248	0.00166219153560926
mvr_mconsumospesos_avg6	0.000340908314014898	0.000490640681973977	0.00166219153560926
mpayroll_delta1	0.000340359252890264	0.00263277417458262	0.0015343306482547
ctarjeta_debito_tend6	0.000338174294325057	0.00268505305294458	0.00070323488045007
mtransferencias_emitidas	0.000337388331976676	0.00108290693778811	0.00172612197928654
internet_lag1	0.000336368246966981	0.000466522784020904	0.00070323488045007
mdescubierto_preacordado_avg6	0.000333819704064413	0.000540989592011971	0.000575373993095512
mcomisiones_lag1	0.000332832169681099	0.000393751924710397	0.000958956655159187
mv_cconsumos_lag1	0.000325390467598415	0.00130042773384313	0.0012146784298683
ccomisiones_otras_lag1	0.000324078688695738	0.000717818256990034	0.00140646976090014
cprestamos_hipotecarios_avg6	0.000323332746542404	0.00647500904019964	0.000639304436772791
Visa_fultimo_cierre_lag1	0.000321571461341047	0.000808500406319843	0.00179005242296382
ctrx_quarter_lag1	0.000320755475269615	0.000401405662020082	0.0012146784298683
Visa_mconsumospesos_lag1	0.00032009585313647	0.000483075742631751	0.00140646976090014
Visa_msaldopesos_lag1	0.000315775459067056	0.000254779868213022	0.00070323488045007
mtransferencias_emitidas_lag1	0.000310929768598518	0.00103886314592904	0.00230149597238205
Master_mfinanciacion_limite_delta1	0.000307883275367681	0.00198809306851886	0.000575373993095512
tmobile_app_tend6	0.000307343328434003	0.00110944226790734	0.00134253931722286
Visa_fultimo_cierre_delta1	0.000306846449572327	0.000315859457630996	0.000958956655159187
mautoservicio_avg6	0.00030622215365755	0.000674802116608517	0.00185398286664109
Master_cconsumos_avg6	0.000306121751122375	0.00108730058721962	0.00166219153560926
Visa_cconsumos_delta1	0.000301688208062586	0.00204989830382715	0.000895026211481908
mv_mpagospesos_lag1	0.000298847571181297	0.000442157916720838	0.00108681754251375
ctransferencias_emitidas_tend6	0.000297977503136778	0.00157963999281064	0.00140646976090014
ccuenta_debitos_automaticos_avg6	0.000296857243957601	0.000561979674059226	0.00127860887354558
Visa_mlimitecompra	0.000296803418881982	0.000457346069071435	0.00102288709883647
ctarjeta_debito_trx_tend6	0.00029056643900999	0.000520188205645565	0.00108681754251375
Visa_mpagospesos	0.000288509065829887	0.00192581933143434	0.00166219153560926
mcomisiones_otras_lag1	0.000287871581550058	0.000343257330507043	0.0012146784298683
mvr_msaldopesos_tend6	0.000287548534040866	0.00203163737181098	0.0015343306482547
mv_cconsumos	0.000284188244012919	0.000275357872192543	0.00070323488045007
ctrx_quarter_normalizado_avg6	0.000281139810840918	0.00147490649010946	0.00204577419767293
Visa_cconsumos	0.000280724377163472	0.000388227026172632	0.00115074798619102
Visa_mconsumospesos	0.000279206200609748	0.000528437166830864	0.00179005242296382
mv_mpagospesos_tend6	0.000275243826547484	0.000984475315839952	0.00134253931722286
ccomisiones_otras_delta1	0.000271942944527252	0.000325501899420204	0.00070323488045007
mtarjeta_visa_debitos_automaticos_lag1	0.000271406031391829	0.000415321968482611	0.00102288709883647
Visa_mfinanciacion_limite_avg6	0.000267759009889549	0.000522517764823091	0.00127860887354558
Master_mfinanciacion_limite_lag1	0.000265059380032747	0.00138608771062802	0.00102288709883647
Visa_msaldopesos_avg6	0.000263850122089142	0.000480383129264358	0.00102288709883647
mv_fultimo_cierre	0.000262053477000881	0.00090639137814322	0.00172612197928654
mextraccion_autoservicio_tend6	0.000261540543111352	0.000551366004500948	0.00102288709883647
mv_status02_avg6	0.000261103603177568	0.000418737915293254	0.000383582662063675
cproductos_lag1	0.000259519881536565	0.000314279593793309	0.000767165324127349
Master_mpagominimo	0.00025950587652325	0.00215798485477869	0.000958956655159187
mtarjeta_visa_consumo_tend6	0.00025904165734715	0.000249090323443928	0.00102288709883647
mv_msaldopesos_avg6	0.000257196232913924	0.000406923160727226	0.00115074798619102
mv_fultimo_cierre_lag1	0.000255488392744113	0.00160569895883361	0.00210970464135021
Master_mlimitecompra	0.000254707735263335	0.000315764184811745	0.000831095767804629
mvr_msaldopesos2_lag1	0.000253590819487122	0.00126144588861856	0.00198184375399565
mplazo_fijo_dolares_tend6	0.000252885625608859	0.0010140616886223	0.000383582662063675
mvr_msaldototal	0.000247349882959776	0.000682136273733236	0.00166219153560926
mvr_msaldodolares2_avg6	0.000247023108107137	0.000739474323793222	0.00147040020457742
mvr_Master_mlimitecompra_avg6	0.00024483989534122	0.000469941043278616	0.0012146784298683
Master_mpagospesos	0.000244732264891713	0.00197813613392824	0.00191791331031837
mvr_Visa_mlimitecompra	0.000243289336529884	0.000335825588116003	0.00102288709883647
ccajas_depositos_avg6	0.000242595896334921	0.000849857597173906	0.000447513105740954
Visa_mpagado_tend6	0.000242576550220005	0.000742543866032897	0.000767165324127349
mv_mlimitecompra_tend6	0.000241351691044011	0.00124801010865702	0.00115074798619102
mvr_Visa_mlimitecompra_lag1	0.000238646280167917	0.000309885019382975	0.000895026211481908
mvr_msaldototal_avg6	0.000235925786726674	0.000396007485581709	0.000895026211481908
mvr_msaldototal_lag1	0.000235241994021542	0.000771098424932964	0.000895026211481908
Visa_mconsumospesos_avg6	0.000234820684644246	0.000261158984698155	0.00102288709883647
tpaquete7_avg6	0.000230097421543906	0.00468640754291597	0.00127860887354558
cpagomiscuentas_avg6	0.000229869516490235	0.000455999762387739	0.0015343306482547
matm_avg6	0.000228925641035579	0.000643340811742448	0.00191791331031837
mv_mfinanciacion_limite	0.000228658683133453	0.000190721384480486	0.000767165324127349
mvr_msaldopesos_avg6	0.000226533222379201	0.000425283990456784	0.00127860887354558
mtransferencias_recibidas_delta1	0.00022573584934655	0.000443653607485206	0.0012146784298683
Master_mpagospesos_avg6	0.000224923144399899	0.000759215221933687	0.000895026211481908
mcomisiones_otras_delta1	0.000224837094005975	0.000673671329991671	0.00102288709883647
mv_Fvencimiento_lag1	0.000224603400928757	0.000328108952246036	0.000895026211481908
tmobile_app_lag1	0.000223295408344651	0.00033072109245542	0.00102288709883647
mv_status04_delta1	0.000221560324259242	0.000129866102428225	0.000127860887354558
Visa_msaldototal_delta1	0.000219907620027839	0.000551247607211004	0.000831095767804629
mv_cconsumos_delta1	0.000219342223308592	0.00191958589911457	0.000639304436772791
Visa_mconsumosdolares_avg6	0.000218333651857179	0.000365004045235344	0.00140646976090014
cpayroll_trx_avg6	0.000217715315325715	0.000856079929747747	0.00166219153560926
ccajas_otras_delta1	0.000217617795447031	0.000839077893916059	0.000191791331031837
mextraccion_autoservicio_avg6	0.00021684387761633	0.000404111687580476	0.00140646976090014
ctrx_quarter_avg6	0.000215519155997025	0.00170709467543509	0.00242935685973661
ctransferencias_recibidas	0.000214727107682898	0.000435961946043587	0.000639304436772791
Master_msaldototal	0.000210687706283183	0.000426807893075396	0.00108681754251375
mtarjeta_visa_debitos_automaticos_delta1	0.000209181050576948	0.00123593451006158	0.00115074798619102
mvr_mpagominimo_delta1	0.000207630072947382	0.000769800217148307	0.00070323488045007
mpayroll_lag1	0.000206101556627662	0.000754086214334171	0.000831095767804629
Visa_mconsumospesos_delta1	0.000206061614460733	0.000373541599814882	0.000895026211481908
mpayroll_sobre_edad_lag1	0.000205346308183932	0.00087246870461668	0.00115074798619102
mpagomiscuentas_avg6	0.000203990146731534	0.000255974478368978	0.00115074798619102
mv_msaldototal_avg6	0.000203527007183353	0.00108694678281803	0.00191791331031837
Master_msaldototal_avg6	0.000202902976035032	0.000473212693392139	0.000958956655159187
mvr_msaldopesos	0.000199177029458076	0.000448685492307815	0.000895026211481908
mvr_msaldototal_tend6	0.000198179024068388	0.00197274165740517	0.00191791331031837
mtransferencias_recibidas_tend6	0.000195904187980893	0.00160558703639546	0.00204577419767293
Master_msaldopesos	0.000192849025415142	0.000487323245408483	0.000575373993095512
Visa_msaldopesos_delta1	0.000192347313909087	0.000480968178372869	0.000831095767804629
cliente_edad_tend6	0.000191740096593806	0.000326230320247007	0.00102288709883647
cpagomiscuentas_tend6	0.000190127905726709	0.000665510704284415	0.0012146784298683
Visa_delinquency_avg6	0.000188803008055485	0.00112441305023343	0.00070323488045007
Master_mfinanciacion_limite_tend6	0.000188002248082331	0.00103885990850314	0.000958956655159187
Master_mlimitecompra_lag1	0.000187216608269985	0.000164826139710015	0.000575373993095512
mvr_mpagospesos_avg6	0.000187025909796961	0.00072145481125108	0.000767165324127349
mv_mpagado_avg6	0.000186588971176687	0.00038486657809165	0.00102288709883647
Visa_mpagominimo_delta1	0.000185630371826423	0.000721513547406638	0.00108681754251375
ctarjeta_visa_trx_delta1	0.000184663392550059	0.00120950878993343	0.000447513105740954
ccuenta_debitos_automaticos	0.000183861744015017	0.000396499111828624	0.000447513105740954
Master_mpagominimo_lag1	0.000183207711035368	0.000293595679738019	0.000575373993095512
tpaquete9	0.000182385407342999	0.000918349504427539	0.000383582662063675
mautoservicio_tend6	0.000182015027768989	0.000633927764702506	0.00140646976090014
mcuenta_debitos_automaticos_avg6	0.000181036003349885	0.000196014575821917	0.000639304436772791
mv_status05_avg6	0.000178811318232225	0.000246367648264635	0.000639304436772791
minversion1_pesos	0.00017740040233772	0.00351086073810925	0.000319652218386396
ctransferencias_emitidas_lag1	0.000176129789046578	0.00128425540401988	0.000958956655159187
ccallcenter_trx_lag1	0.000175875801030614	0.00176534660457683	0.00127860887354558
mv_mconsumospesos_avg6	0.000175756651124086	0.000124138171037782	0.000767165324127349
mtarjeta_visa_debitos_automaticos	0.000174863976106677	0.000285328681465579	0.000958956655159187
ccaja_seguridad_lag1	0.000174360818030906	7.23171571955264e-05	6.39304436772791e-05
mtransferencias_emitidas_delta1	0.000174115192969566	0.000982483836423945	0.00134253931722286
mvr_mpagado	0.000173886667412072	0.00861614725558969	0.00370796573328219
Visa_mconsumosdolares_lag1	0.000173732938408348	0.000520535535195361	0.000895026211481908
cprestamos_personales_delta1	0.000170779478471956	0.00173541613967058	0.000255721774709117
cextraccion_autoservicio_tend6	0.000169277598411166	0.000460127480406286	0.000831095767804629
mcomisiones_delta1	0.000169211674438882	0.000420252568123589	0.000575373993095512
mv_status02_delta1	0.000166609314132953	0.00344430989892551	0.00185398286664109
mvr_msaldopesos_lag1	0.000166596468001991	0.000699772845040716	0.000383582662063675
Master_delinquency	0.000166447971800599	0.000133029067529496	0.000255721774709117
mpagomiscuentas_tend6	0.000166241353292186	0.0023007132502953	0.00147040020457742
mv_mlimitecompra_avg6	0.000166030505115655	0.000333242122250277	0.000831095767804629
mvr_mconsumosdolares_tend6	0.000165042836497872	0.000291432616749476	0.000511443549418233
mv_mpagado_tend6	0.000164858433065589	0.000364451370385802	0.00070323488045007
mv_mfinanciacion_limite_lag1	0.000161344752051216	0.000167890594566137	0.000447513105740954
cpayroll_trx_tend6	0.000160627125752355	0.00133185712693964	0.00070323488045007
Visa_mconsumosdolares_delta1	0.000159968963403971	0.000243975190526827	0.00070323488045007
cpagomiscuentas	0.000159837034772599	0.000135208780136937	0.000639304436772791
Master_fultimo_cierre_lag1	0.00015868536275591	0.0005839192468731	0.00115074798619102
ctarjeta_master_trx_tend6	0.000158049675748492	0.00148845835491388	0.000895026211481908
mtarjeta_visa_consumo_lag1	0.000157058828057624	0.00051178708544311	0.00108681754251375
mcaja_ahorro_adicional	0.000156881500442096	0.00278816183033493	0.000319652218386396
Master_mpagospesos_lag1	0.000156808075637974	0.000866850845706732	0.00102288709883647
Master_mlimitecompra_avg6	0.000155979681617457	0.000153483586835521	0.00070323488045007
mautoservicio_lag1	0.000154417935986324	0.000213399552888267	0.000958956655159187
Master_mpagominimo_tend6	0.000153558507491373	0.00015086219683786	0.000447513105740954
mtarjeta_visa_consumo_avg6	0.000152736868276083	0.000372310915484646	0.000639304436772791
mvr_msaldototal_delta1	0.000152439554603947	0.00124355864804878	0.000767165324127349
mvr_msaldopesos2_delta1	0.000150492209349663	0.000247723204736609	0.00070323488045007
ctarjeta_debito	0.000148806170890901	0.00042003011071553	0.000639304436772791
ccajas_consultas_tend6	0.000148773076650914	0.00141543867629873	0.000831095767804629
Master_mpagominimo_avg6	0.000148104252703541	0.000637997671544322	0.00070323488045007
mv_mpagospesos_avg6	0.000147618578575629	0.000452523691953297	0.00070323488045007
Master_mconsumospesos_avg6	0.000143863112780526	0.000429312273251355	0.000958956655159187
mpagomiscuentas_lag1	0.000143093258353083	0.000490536621855862	0.000767165324127349
ctarjeta_debito_trx_lag1	0.000142405229518174	0.000282829851162586	0.000895026211481908
Master_mconsumospesos	0.000142361229700756	0.000245842722779924	0.000639304436772791
mv_msaldototal_tend6	0.00014152574731645	0.000605757996994756	0.00134253931722286
mvr_mconsumospesos_tend6	0.000141262772183049	0.000460779590479804	0.00108681754251375
mvr_mpagado_avg6	0.000137791458427273	0.000655547757331414	0.00134253931722286
mv_mfinanciacion_limite_delta1	0.000137273773532011	0.000872334120197252	0.000255721774709117
Visa_msaldototal_lag1	0.000135154656087992	0.000261192283935952	0.000639304436772791
mv_mconsumospesos	0.00013350521036844	0.000188947275088985	0.000895026211481908
catm_trx_avg6	0.000133330389130077	0.000328722213208792	0.00102288709883647
Master_mlimitecompra_tend6	0.000131953189917201	0.00126862002440609	0.000639304436772791
mv_fultimo_cierre_delta1	0.000131633714041117	0.000104187765192846	0.000511443549418233
Master_fultimo_cierre_delta1	0.000131367672234155	0.000142783894246268	0.000767165324127349
Master_delinquency_tend6	0.00013131840386434	8.75145593344002e-05	0.000191791331031837
ctrx_quarter_normalizado_lag1	0.000130477468204275	0.000315180985660889	0.00159826109193198
Visa_mpagospesos_delta1	0.000128560352174755	0.00040332268064046	0.00102288709883647
ccheques_depositados_avg6	0.000126123349848936	0.00148603629785358	0.000255721774709117
Visa_mlimitecompra_avg6	0.000126045670610918	0.00023029984104891	0.00070323488045007
cplazo_fijo_avg6	0.000125960544242127	0.000570778997646999	0.000191791331031837
mv_mpagospesos_delta1	0.000123142043324271	0.000466218928476009	0.000958956655159187
matm_other_avg6	0.000122565459442312	0.000377284989130525	0.00070323488045007
Master_msaldopesos_tend6	0.000121758878965377	0.000430322350131188	0.00102288709883647
mv_mconsumospesos_tend6	0.000121540324778644	0.000380730535263654	0.000831095767804629
Visa_msaldodolares	0.000120780001368366	3.52911797021011e-05	0.000127860887354558
matm_other_tend6	0.000119844624857264	0.000551183783671894	0.000511443549418233
ctransferencias_recibidas_lag1	0.00011687813355211	0.000809972047634691	0.000895026211481908
mvr_mpagospesos_delta1	0.000116723682275118	0.000421335255841395	0.00070323488045007
mv_mlimitecompra	0.000115486265685312	8.2873015577074e-05	0.000383582662063675
ctarjeta_debito_trx	0.000115461689711159	0.000427807332698711	0.00070323488045007
catm_trx_tend6	0.000115364259440811	0.000692313353284846	0.00070323488045007
ctransferencias_emitidas_delta1	0.000114422666373134	0.000605794533658449	0.000575373993095512
mforex_buy_avg6	0.000111459822654981	0.00233776420221707	0.000255721774709117
ccuenta_debitos_automaticos_delta1	0.000110763158136574	0.000413229203884972	0.000255721774709117
Visa_msaldodolares_tend6	0.000110188007934923	0.00055690847763644	0.000383582662063675
mvr_mpagospesos_lag1	0.000109914265128869	0.000275793537220382	0.00070323488045007
mvr_mconsumospesos	0.000109155135883545	0.000320088923320589	0.00070323488045007
mvr_Master_mlimitecompra_lag1	0.000108936720295129	0.000124146495847231	0.000511443549418233
ccaja_ahorro_lag1	0.00010691147425102	0.00060759269249947	0.000511443549418233
Visa_mpagosdolares_tend6	0.000105759213857144	0.000348896001440614	0.000319652218386396
mv_mfinanciacion_limite_avg6	0.000105607069811342	0.0001451370403839	0.000447513105740954
minversion1_pesos_avg6	0.000105407412047984	0.00179320372944082	0.000191791331031837
mvr_mpagosdolares_lag1	0.000104317679479649	0.00057596997882797	0.000831095767804629
catm_trx_lag1	0.000104025283621101	0.00031726080055494	0.000319652218386396
mcuenta_debitos_automaticos_lag1	0.000103478462877468	0.000180106327453966	0.000767165324127349
mv_mlimitecompra_lag1	0.000102929005137202	6.63977551877527e-05	0.000255721774709117
mforex_sell_tend6	0.000102790263396703	0.00180384561085334	0.000447513105740954
mvr_mconsumospesos_lag1	0.000102783288354836	0.000258575056343016	0.000511443549418233
mv_status07	0.000102529767805639	2.17809389449258e-05	6.39304436772791e-05
mvr_msaldodolares_avg6	0.000102292317716882	0.00075184036574055	0.00172612197928654
mvr_Visa_mlimitecompra_tend6	0.000102228847644777	0.00368498430250575	0.00230149597238205
ctarjeta_debito_trx_delta1	0.00010065444194656	0.000601969283716556	0.000831095767804629
Master_msaldopesos_avg6	9.92555648315188e-05	0.000146837151469186	0.000639304436772791
mv_Finiciomora_tend6	9.79926351126149e-05	0.000489083480117568	0.000191791331031837
mtarjeta_master_consumo_tend6	9.77669678718058e-05	9.95721208426953e-05	0.000191791331031837
ctarjeta_visa_debitos_automaticos_lag1	9.68824564548482e-05	0.000105656169081797	0.000255721774709117
Visa_msaldototal_avg6	9.50934224971905e-05	0.000308635835476186	0.00127860887354558
mv_msaldopesos_delta1	9.40592639117016e-05	0.000434590664931543	0.000575373993095512
mv_mconsumospesos_delta1	9.40267330787302e-05	0.000467443137954451	0.000511443549418233
mtarjeta_master_consumo_lag1	9.17934677060539e-05	0.000238509028144619	0.000383582662063675
ctarjeta_master_trx_avg6	9.15470821409656e-05	0.000114399068961081	0.000383582662063675
mv_mconsumospesos_lag1	9.11045124552997e-05	6.30312947443911e-05	0.000383582662063675
mv_msaldototal_delta1	9.10571616822398e-05	0.000721057532844589	0.000831095767804629
matm_tend6	9.07401498822695e-05	0.00045451239643282	0.000447513105740954
mv_mpagospesos	8.98979162175174e-05	0.000124901741060037	0.000511443549418233
cpayroll_trx_lag1	8.98685272743732e-05	0.000526484074036206	0.000383582662063675
ctransferencias_emitidas	8.97053264701528e-05	0.0011211011635409	0.00070323488045007
mvr_mconsumosdolares_avg6	8.68969901588749e-05	0.000178465877503066	0.000831095767804629
mv_status04	8.58860499926626e-05	0.000474443377722375	0.000511443549418233
mv_mpagado	8.53467333691785e-05	0.00164301815461541	0.00115074798619102
ccuenta_debitos_automaticos_lag1	8.51576847623675e-05	0.00011699132212567	0.000383582662063675
cpagomiscuentas_lag1	8.47457356821326e-05	0.00106400730789143	0.00108681754251375
mvr_mconsumospesos_delta1	8.30313999896917e-05	0.000649687091479199	0.000575373993095512
mv_mconsumosdolares_tend6	8.06275121927668e-05	0.000172090460933243	0.000383582662063675
Master_mlimitecompra_delta1	7.87945302529489e-05	0.000371098730730964	0.000127860887354558
tpaquete9_avg6	7.85397342693816e-05	0.000288641955626349	0.000255721774709117
mvr_mpagado_tend6	7.85216170717454e-05	0.000242348615258342	0.000383582662063675
mtarjeta_master_consumo_avg6	7.8089333838209e-05	0.00026007398453328	0.000575373993095512
ccajas_extracciones_tend6	7.76573997361421e-05	0.000377540283286966	0.000575373993095512
mvr_mconsumosdolares_lag1	7.52905432702644e-05	0.000176695468026876	0.000383582662063675
ctarjeta_debito_lag1	7.51961983309785e-05	0.000198029179708616	0.000383582662063675
matm_lag1	7.44625564118e-05	0.000737303398484644	0.00210970464135021
Master_mconsumosdolares_tend6	7.37759208458541e-05	0.000244254534132788	0.000383582662063675
mautoservicio_delta1	7.2759199611586e-05	0.000236891240174997	0.000639304436772791
Visa_Fvencimiento_delta1	7.19660144996806e-05	0.000167175585932336	0.000255721774709117
mextraccion_autoservicio	7.13235097626191e-05	0.000102547315241946	0.000447513105740954
Visa_msaldopesos_tend6	7.09939173547669e-05	0.000100887903225078	0.000319652218386396
mtarjeta_visa_consumo_delta1	7.01317882230218e-05	0.000194998486579704	0.000575373993095512
Master_mpagominimo_delta1	6.88581412780145e-05	0.000133727889033812	0.000319652218386396
ccajas_otras_tend6	6.86872966676314e-05	0.00044579400849247	0.000127860887354558
Master_mpagospesos_delta1	6.85137356907917e-05	0.000233938245267611	0.000383582662063675
mcuenta_debitos_automaticos_delta1	6.75513642112728e-05	0.000390236080186365	0.000511443549418233
mv_status04_avg6	6.67933421183148e-05	0.000109881934856079	0.000255721774709117
catm_trx_other_avg6	6.37938144896881e-05	0.000101465552502968	0.000447513105740954
ctransferencias_recibidas_delta1	6.31387250787086e-05	0.000358742401061327	0.000511443549418233
Master_mconsumosdolares_avg6	6.29577779064221e-05	0.000195081734674196	0.000255721774709117
cforex_buy_avg6	6.22938203313158e-05	0.00113344778093285	0.000127860887354558
Master_msaldototal_delta1	5.99662007371044e-05	9.33817000384097e-05	0.000255721774709117
Visa_msaldodolares_lag1	5.98212548248907e-05	0.000397246957210807	0.000575373993095512
ccajas_trx	5.9389189060284e-05	0.000173579214356403	0.000191791331031837
Visa_mpagosdolares	5.90951032694546e-05	0.00013597697505333	0.000255721774709117
Master_fechaalta_delta1	5.89490979147336e-05	0.000122533332771748	0.000639304436772791
cseguro_vida_avg6	5.87876017435772e-05	0.000234822525026878	0.000255721774709117
Visa_msaldodolares_avg6	5.83102808737427e-05	0.000258677728992889	0.000383582662063675
mvr_mpagado_delta1	5.83016145887021e-05	0.000524199376331823	0.000383582662063675
mvr_mpagosdolares	5.74407685419143e-05	0.000267948329293367	0.000383582662063675
Visa_mconsumototal_avg6	5.69676726596218e-05	4.24990772168408e-05	0.000127860887354558
ctarjeta_visa_descuentos_avg6	5.56424418997972e-05	0.000687789281838636	0.000127860887354558
mvr_mconsumosdolares	5.52569889450613e-05	0.000148989114711796	0.000383582662063675
mvr_Master_mlimitecompra_tend6	5.29342966112818e-05	0.0013070852689554	0.000831095767804629
Master_mpagado_avg6	5.28097053265461e-05	0.000132524491578993	0.000191791331031837
mplazo_fijo_dolares_lag1	5.19556627333081e-05	0.000735036275377987	0.000127860887354558
mvr_msaldodolares2_tend6	5.17651429136439e-05	0.00079557891458649	0.000319652218386396
Master_cconsumos	5.16760360292751e-05	0.000351142775013062	0.000319652218386396
Master_Finiciomora_lag1	5.04038361198064e-05	6.37458408887782e-05	6.39304436772791e-05
mplazo_fijo_dolares_avg6	4.9621349164352e-05	0.000113461140429808	0.000191791331031837
Visa_mpagosdolares_avg6	4.95239085546994e-05	0.000579665269244574	0.00070323488045007
mcheques_depositados_avg6	4.84544806703332e-05	0.000658828194743801	0.000319652218386396
Visa_mpagado_delta1	4.7945844266416e-05	0.000184656760796766	0.000191791331031837
mcheques_depositados_tend6	4.73596521375965e-05	0.000370769438268308	0.000255721774709117
Master_mconsumospesos_lag1	4.66102488243303e-05	0.000151469907927649	0.000511443549418233
matm_other	4.62496819815991e-05	0.000400302162278653	0.000127860887354558
mvr_msaldodolares_lag1	4.62050530976546e-05	0.000397856980747666	0.000255721774709117
ctarjeta_master_trx	4.57825090879843e-05	0.000511400906782552	0.000319652218386396
Master_msaldototal_lag1	4.48380588551063e-05	4.84892401049325e-05	0.000255721774709117
active_quarter_tend6	4.44185057151891e-05	0.000472988386026426	0.000127860887354558
mextraccion_autoservicio_delta1	4.41432199177639e-05	0.000474872105409007	0.000447513105740954
matm_other_lag1	4.32215598205229e-05	0.000105128468660602	0.000191791331031837
mv_status01_delta1	4.31482957151039e-05	0.00015962267131487	6.39304436772791e-05
Visa_mfinanciacion_limite_tend6	4.28257177577148e-05	9.92867648743543e-05	0.000383582662063675
mv_status07_delta1	4.15281614841404e-05	0.000118798730754967	6.39304436772791e-05
cseguro_accidentes_personales	4.08904442012706e-05	0.000148027136731003	0.000127860887354558
mvr_madelantopesos_avg6	4.00548107095436e-05	0.000320349767349996	0.000127860887354558
mextraccion_autoservicio_lag1	3.96698344740582e-05	7.95731536093058e-05	0.000383582662063675
thomebanking_lag1	3.93355937809346e-05	2.65732542511647e-05	0.000127860887354558
mv_msaldodolares_avg6	3.8157228601205e-05	0.000828429537651743	0.00166219153560926
Visa_mpagado	3.77620852373241e-05	0.000294363874654412	0.000191791331031837
catm_trx_other_tend6	3.7353754997083e-05	4.59705227571447e-05	0.000127860887354558
mttarjeta_master_debitos_automaticos_avg6	3.72975768819875e-05	8.80612218215624e-05	0.000191791331031837
ctarjeta_visa_debitos_automaticos	3.43348529866533e-05	7.91217639413952e-05	0.000255721774709117
cforex_buy_tend6	3.4267850979426e-05	0.000599130986183803	6.39304436772791e-05
mv_status01_tend6	3.38152320375977e-05	4.43966712818377e-05	0.000191791331031837
mttarjeta_master_debitos_automaticos_tend6	3.33263413068655e-05	6.1822347416606e-05	0.000127860887354558
Master_cconsumos_tend6	3.3137587999758e-05	0.00018521452302986	0.00070323488045007
tpaquete9_lag1	3.27396583685713e-05	7.11405841267104e-05	6.39304436772791e-05
Master_Finiciomora	3.26854982307771e-05	0.000478424949086148	6.39304436772791e-05
Visa_mfinanciacion_limite_delta1	3.26164480808678e-05	3.56028975670311e-05	0.000127860887354558
mv_status06_delta1	3.14755890223648e-05	9.85426194074813e-05	6.39304436772791e-05
ctarjeta_master_debitos_automaticos_avg6	3.07974471939231e-05	0.000243283306363718	0.000127860887354558
ccajas_depositos_tend6	3.07972259158989e-05	0.000225082497971349	0.000319652218386396
mv_msaldodolares_lag1	3.05515279816388e-05	0.000153121457624482	0.000191791331031837
mvr_msaldodolares	3.02621692014522e-05	0.00340555513600315	0.00166219153560926
mv_status06_lag1	3.02435076161479e-05	1.37761721701349e-05	6.39304436772791e-05
mv_status03_tend6	2.99948898603904e-05	0.000102057538952686	6.39304436772791e-05
ctarjeta_master_avg6	2.99392681728596e-05	6.12483980540271e-05	0.000127860887354558
cforex_sell_avg6	2.99064083198748e-05	0.000101038674773991	0.000255721774709117
cforex_avg6	2.9349307101282e-05	4.75323495076918e-05	6.39304436772791e-05
tcallcenter_lag1	2.92114596636467e-05	0.000209327333599381	0.000255721774709117
thomebanking_delta1	2.92109428893285e-05	0.000220082524918295	0.000191791331031837
mprestamos_prendarios_tend6	2.86110777635484e-05	0.000491326091285292	6.39304436772791e-05
cextraccion_autoservicio	2.82754696477188e-05	7.87554723256318e-05	0.000191791331031837
Visa_mpagado_lag1	2.79108285131936e-05	1.89953652053507e-05	6.39304436772791e-05
Master_mconsumospesos_tend6	2.77781046156751e-05	0.000132770073457744	0.000575373993095512
mv_mpagosdolares_tend6	2.76104517727612e-05	0.000409831294161469	6.39304436772791e-05
mttarjeta_master_debitos_automaticos_lag1	2.75741338845238e-05	4.94738800670038e-05	6.39304436772791e-05
mvr_mpagosdolares_avg6	2.72878008481398e-05	0.000196461340595689	0.000127860887354558
mcajeros_propios_descuentos_tend6	2.7234812826889e-05	0.000400375698095454	0.000191791331031837
mvr_msaldodolares2_lag1	2.6932036331177e-05	0.000313074808870249	0.000255721774709117
mv_mconsumosdolares_delta1	2.69194725479734e-05	2.08998966115553e-05	6.39304436772791e-05
Visa_Finiciomora_tend6	2.6856418123923e-05	0.000117950987659394	6.39304436772791e-05
Visa_status_delta1	2.67149916365868e-05	0.000118140145829655	6.39304436772791e-05
Master_cconsumos_delta1	2.65387469752681e-05	0.000137985104088235	0.000191791331031837
ctarjeta_master_descuentos_avg6	2.63697909856152e-05	0.000701382770690303	6.39304436772791e-05
tcuentas_tend6	2.53393277150839e-05	0.000261325018397725	6.39304436772791e-05
Master_Finiciomora_avg6	2.53259406602118e-05	0.000480426603269259	6.39304436772791e-05
cforex_tend6	2.51155365708467e-05	0.000229590844777489	0.000191791331031837
Master_cconsumos_lag1	2.43520239194067e-05	3.4764866749148e-05	0.000191791331031837
mv_status06	2.39219137884508e-05	9.97774661424415e-06	6.39304436772791e-05
Visa_msaldodolares_delta1	2.27443038468856e-05	5.91264966233165e-05	6.39304436772791e-05
mvr_mpagado_lag1	2.27077623042965e-05	0.000100324128629604	6.39304436772791e-05
Master_mpagosdolares_avg6	2.26305604005785e-05	0.000319631521290298	6.39304436772791e-05
mv_mconsumosdolares_avg6	2.20515382780486e-05	0.000273509302005413	0.000767165324127349
cseguro_vida_tend6	2.19471890022162e-05	0.000203419956316367	6.39304436772791e-05
Master_mconsumospesos_delta1	2.15750845219766e-05	3.68308069607837e-05	0.000127860887354558
mv_mlimitecompra_delta1	2.14221644375094e-05	2.9190481844101e-05	0.000127860887354558
ccomisiones_mantenimiento_lag1	2.11843151914749e-05	1.91313370930205e-05	0.000127860887354558
mv_mconsumosdolares_lag1	2.09686256465581e-05	0.00020255371364424	0.000447513105740954
Master_msaldopesos_lag1	2.05202196670635e-05	2.08689098208278e-05	0.000127860887354558
mdescubierto_preacordado_lag1	2.02590119605432e-05	1.14914744657516e-05	6.39304436772791e-05
matm	1.99674474252199e-05	0.000148099747568977	0.000255721774709117
cextraccion_autoservicio_lag1	1.98177201184497e-05	2.70403685591459e-05	0.000127860887354558
matm_delta1	1.97439159926094e-05	0.000111358663554479	0.000191791331031837
cseguro_accidentes_personales_avg6	1.94588768875093e-05	5.53539704746009e-05	6.39304436772791e-05
Master_mconsumosdolares_lag1	1.81867962424269e-05	5.84928861263519e-05	0.000127860887354558
mpagomiscuentas_delta1	1.80627470272504e-05	0.000285166810170734	0.000383582662063675
Visa_Finiciomora_avg6	1.73586247544882e-05	9.4781193004698e-05	6.39304436772791e-05
mvr_mpagosdolares_tend6	1.73101549425358e-05	0.000420292342213179	0.000319652218386396
cpagomiscuentas_delta1	1.71549852307726e-05	0.000258606043133743	0.000191791331031837
ctarjeta_master_debitos_automaticos_tend6	1.6689845013336e-05	0.000134920186742699	0.000127860887354558
Master_msaldopesos_delta1	1.64534490732784e-05	8.23647397112608e-06	6.39304436772791e-05
mv_msaldototal_lag1	1.60417281455854e-05	6.9156042051911e-05	0.000191791331031837
mv_mconsumosdolares	1.47186154973089e-05	5.54413809738172e-05	0.000127860887354558
mvr_mconsumototal	1.44011681148329e-05	8.39695779772953e-06	6.39304436772791e-05
active_quarter_lag1	1.36038662951256e-05	8.53107972774393e-06	6.39304436772791e-05
catm_trx	1.35222797596707e-05	6.41371069328892e-05	0.000127860887354558
ccajas_consultas_lag1	1.26154804818521e-05	0.000116371123821707	0.000255721774709117
mv_mpagado_delta1	1.20190222606536e-05	0.000244901556822754	0.000127860887354558
matm_other_delta1	1.09668080942134e-05	0.000101079836331823	0.000127860887354558
mvr_msaldodolares2_delta1	1.0891610448e-05	0.000115737513324742	0.000191791331031837
mcaja_ahorro_adicional_lag1	1.08667682365887e-05	5.71470419320694e-05	6.39304436772791e-05
mvr_mpagosdolares_delta1	1.08202537405909e-05	0.00167411640529161	0.00108681754251375
ccheques_depositados_tend6	9.3012879722278e-06	0.000182476585699911	6.39304436772791e-05
mtarjeta_master_descuentos_avg6	9.02001757574765e-06	0.000121190726003362	6.39304436772791e-05
mv_mpagosdolares_delta1	8.88321789587591e-06	8.1484622356718e-05	0.000127860887354558
Visa_status_tend6	8.66218280227886e-06	3.84916064458931e-05	0.000127860887354558
mtarjeta_master_consumo_delta1	8.19145827815243e-06	4.25235891557745e-05	0.000127860887354558
mvr_mconsumosdolares_delta1	7.93734805699334e-06	0.000115008630008526	0.000255721774709117
cpayroll_trx_delta1	6.93510220440909e-06	0.000174802036366604	0.000191791331031837
mttarjeta_master_debitos_automaticos_delta1	6.69687643627359e-06	5.58136849519606e-05	6.39304436772791e-05
Master_madelantopesos_tend6	6.67532689218395e-06	1.91447492860219e-05	6.39304436772791e-05
mv_mpagosdolares_avg6	6.43439913331044e-06	0.000109142414283344	0.000319652218386396
mprestamos_hipotecarios_avg6	6.43372472612884e-06	8.80949835487729e-06	6.39304436772791e-05
mvr_msaldopesos_delta1	5.65185465830068e-06	3.85299930672421e-05	0.000191791331031837
mtarjeta_visa_descuentos_avg6	5.384316146273e-06	0.000117704018312402	0.000191791331031837
Master_cadelantosefectivo_tend6	5.25317909754395e-06	9.04675542417863e-06	6.39304436772791e-05
Master_Fvencimiento_delta1	4.73109379832648e-06	1.04763102023667e-05	6.39304436772791e-05
mvr_msaldodolares_tend6	3.60059932978738e-06	0.000124380053001222	6.39304436772791e-05
cextraccion_autoservicio_delta1	3.52083658374305e-06	2.29972861033323e-05	6.39304436772791e-05
mcajeros_propios_descuentos_lag1	3.25257862109591e-06	0.000150227198872654	6.39304436772791e-05
cpagodeservicios_avg6	3.08849259312287e-06	0.000137203496978841	6.39304436772791e-05
mv_status02_tend6	2.90887778718799e-06	0.000117950987659394	0.000127860887354558
mvr_Master_mlimitecompra_delta1	2.71376632474614e-06	0.000192174988708194	0.000127860887354558
catm_trx_delta1	2.62756199789293e-06	0.0001460324198891	6.39304436772791e-05
mv_mpagado_lag1	2.57628208357208e-06	0.000191679200056554	0.000191791331031837
mvr_msaldodolares_delta1	2.40621599407251e-06	0.000123346851650697	0.000127860887354558
ctarjeta_master_debitos_automaticos_delta1	1.85075552748877e-06	0.000107076936561122	6.39304436772791e-05
ccajas_depositos_lag1	1.77562807379586e-06	0.00028458499848812	0.000127860887354558
cseguro_vida	1.53611344154542e-06	3.91261419216854e-05	6.39304436772791e-05
mforex_sell_lag1	1.53261448104112e-06	8.83863518794938e-06	6.39304436772791e-05
Master_madelantopesos	1.33029004738419e-06	2.71421162301913e-05	0.000127860887354558
Visa_mconsumototal_delta1	1.32565905790794e-06	2.36086971084324e-05	6.39304436772791e-05
mvr_msaldodolares2	1.02191373186861e-06	0.000270434672382186	0.000127860887354558
Master_msaldodolares_tend6	7.27874029425291e-07	0.000148673696931556	6.39304436772791e-05
mtarjeta_visa_descuentos	6.91584042068242e-07	8.19572865376653e-05	6.39304436772791e-05
Master_mconsumototal_lag1	6.20583234817519e-07	1.31975979134176e-05	6.39304436772791e-05
cforex_sell_tend6	6.05297969549501e-07	2.17277526623338e-05	6.39304436772791e-05
mforex_sell_delta1	5.65553752558482e-07	3.42750904598885e-05	6.39304436772791e-05
Visa_mpagosdolares_delta1	4.40861866602549e-07	7.8866469784954e-05	6.39304436772791e-05
mv_msaldodolares	4.23549400760418e-07	0.000209672813191522	0.000319652218386396
cinversion1_tend6	4.08612977898186e-07	0.000157093779199977	6.39304436772791e-05
mtarjeta_visa_descuentos_delta1	3.17226803371723e-07	8.46258504555382e-05	6.39304436772791e-05
mforex_sell	3.09834555278979e-07	4.33935317432128e-05	0.000127860887354558
cliente_vip_lag1	2.40931370740935e-07	3.09951155369155e-05	6.39304436772791e-05
ctarjeta_visa	1.44577902956436e-07	3.73492575937014e-05	6.39304436772791e-05
mv_status04_tend6	1.18915610513632e-07	0.000301414063279031	0.000319652218386396
ccajas_extracciones_lag1	6.55558931355526e-08	0.000133656203174667	6.39304436772791e-05
mv_mpagosdolares	4.53890885803583e-08	2.45406132773256e-05	6.39304436772791e-05
mv_msaldodolares_delta1	3.97452898329874e-08	0.000106127908283917	6.39304436772791e-05
mcheques_emitidos_avg6	3.40541916848431e-08	3.2637877934885e-05	6.39304436772791e-05
Visa_status_avg6	2.46857389828688e-08	2.98250173198932e-05	6.39304436772791e-05
Visa_fechaalta_delta1	5.69532045683577e-09	4.1698508041479e-05	0.000191791331031837
mv_status03_avg6	2.8887624017749e-09	0.000580674883634993	0.000383582662063675
mvr_Visa_mlimitecompra_delta1	1.41587152273599e-12	9.68101340632262e-05	6.39304436772791e-05
mv_Fvencimiento_delta1	3.73619562452011e-13	1.32438468548019e-05	6.39304436772791e-05
mv_fechaalta_delta1	2.20126798567919e-13	1.03986119808411e-05	6.39304436772791e-05
ccajas_trx_lag1	8.97507345663567e-14	0.000282419160563094	0.000255721774709117
mv_msaldodolares_tend6	3.97210453579521e-14	5.05773798084327e-05	6.39304436772791e-05
Master_mconsumosdolares	3.50190454376681e-15	3.23465096041641e-05	6.39304436772791e-05
Master_mpagosdolares_delta1	1.04241822249779e-15	1.62722275366444e-05	0.000127860887354558
