Feature	Gain	Cover	Frequency
ctrx_quarter_normalizado	0.104149329479889	0.0112801316539456	0.00490765171503958
ctrx_quarter	0.0940755852362214	0.00769123679547771	0.00457343887423043
mcaja_ahorro	0.0564157087744739	0.00786815871912278	0.00859278803869833
mcuentas_saldo	0.0405425207296315	0.0157095173453512	0.0108795074758135
mtarjeta_visa_consumo	0.0343761008229376	0.00985651278492346	0.00656992084432718
mdescubierto_preacordado	0.023849387882614	0.00124028519485962	0.000976253298153034
ctarjeta_visa_trx	0.0211809991986853	0.00816204627312557	0.00701846965699208
cpayroll_trx	0.0192313441545479	0.00986944265696371	0.00279683377308707
mcaja_ahorro_lag1	0.0151821768086704	0.00417510577264726	0.00705364995602463
mpasivos_margen	0.0136715367212609	0.00589900034189917	0.00475813544415128
foto_mes	0.0131387163687413	0.0299298116102862	0.0123834652594547
mcuenta_corriente	0.0128563804059057	0.00385710513137549	0.00656992084432718
mprestamos_personales	0.0125756655728851	0.0152661034076462	0.00449428320140721
mpayroll_sobre_edad	0.0124054012119998	0.0123429152547582	0.00399296394019349
mdescubierto_preacordado_mean6	0.0114743081653776	0.00173718014399248	0.00162708883025506
mpayroll	0.0110752196120212	0.0118467752788422	0.00383465259454705
mdescubierto_preacordado_delta1	0.0107571718361706	0.00808446540254005	0.0015127528583993
mv_status01	0.0099892560885309	0.000631836672609777	0.000439753737906772
Visa_status_mean6	0.00929903588755565	0.00188022080897669	0.000729991204925242
mprestamos_personales_mean6	0.00836889430302913	0.00532717014444868	0.00310466138962181
mv_msaldopesos	0.00764729694131583	0.0029570291204208	0.00307827616534741
mpasivos_margen_mean6	0.0072881617472855	0.00230414063676716	0.00427440633245383
cproductos_delta1	0.00725531197702079	0.00607804707643771	0.00146877748460862
cprestamos_personales_mean6	0.00707085593545007	0.00287565930612766	0.0020844327176781
ctrx_quarter_lag1	0.00639430087983124	0.00197482813991783	0.00274406332453826
mv_status07_delta1	0.00626063161056346	0.000581762385287095	0.000184696569920844
mactivos_margen	0.00546710438483154	0.00757357905577166	0.00798592788038698
mv_status07	0.0053960738584637	0.000674327550690938	0.000334212840809147
mv_status05_delta1	0.00518077615790883	0.00087475667769801	0.000299032541776605
mprestamos_personales_delta1	0.00479351848389574	0.0121930038602007	0.00385224274406332
Visa_Finiciomora	0.00464382224798889	0.00498098883235044	0.00112576956904134
mcuenta_corriente_mean6	0.00458539678798468	0.00539981905328392	0.00758135444151275
mv_Finiciomora	0.00447848578373013	0.00435016125832587	0.00115215479331574
mcaja_ahorro_dolares_delta1	0.00441763572181807	0.00926747900392011	0.00489006156552331
cprestamos_personales	0.00402125727421122	0.0021434958434459	0.00132805628847845
mv_status04	0.00396823073088621	0.00109738148330335	0.000571679859278804
mactivos_margen_mean6	0.00393409441230268	0.00309807998619839	0.00532102022867194
Master_status_mean6	0.00390752212811383	0.000591418603167866	0.000492524186455585
mv_status06_mean6	0.00383885496521897	0.000191181645630809	0.000316622691292876
mpayroll_lag1	0.00381992115798222	0.00372046068297978	0.00312225153913808
mcuentas_saldo_mean6	0.00378656183603657	0.00257689585814926	0.00472295514511873
ccaja_ahorro	0.00371546945083804	0.00725122946051909	0.00221635883905013
mcuenta_corriente_delta1	0.00361591208495113	0.00355385753569123	0.00371152154793316
mprestamos_personales_lag1	0.00358943921471316	0.00217368148333144	0.00167106420404573
Visa_Finiciomora_mean6	0.00349443456783536	0.00221166054389587	0.00109938434476693
mcuentas_saldo_lag1	0.00340046446276588	0.00359447645397963	0.00566402814423923
ctrx_quarter_delta1	0.0033345926283923	0.00426438187132154	0.00579595426561126
mv_status02_mean6	0.00333034322203431	0.00157681441527695	0.00105540897097625
mcuenta_corriente_lag1	0.00328785812723356	0.0024532147161486	0.00472295514511873
mcomisiones_mantenimiento	0.00320711095202458	0.00713040819978239	0.00424802110817942
mvr_mpagospesos	0.00316814141487442	0.0018150293389282	0.00204925241864556
Visa_Finiciomora_lag1	0.00313072381904117	0.00250354998561289	0.000615655233069481
cproductos	0.00310557367165627	0.00708091164112055	0.0054089709762533
Visa_msaldopesos	0.00307483528817345	0.00469622078684861	0.00397537379067722
mv_Finiciomora_lag1	0.00307093323633796	0.00461622639273773	0.00121372031662269
mrentabilidad_annual_delta1	0.00304904136191768	0.00427103718898995	0.00710642040457344
Visa_msaldototal	0.00304558025457179	0.00331841359796856	0.00376429199648197
mv_mpagospesos	0.00297844486085526	0.00164445205437329	0.00214599824098505
ctrx_quarter_mean6	0.00296594161654961	0.00192408012910798	0.00287598944591029
ctrx_quarter_normalizado_delta1	0.00293820039308964	0.00326863767130393	0.0048636763412489
mrentabilidad_mean6	0.00290863130884954	0.0018476940361017	0.00376429199648197
mv_status02	0.00289851565860656	0.00117966167078193	0.000492524186455585
ccomisiones_mantenimiento_delta1	0.00283178422973361	0.00364641626907763	0.00153034300791557
cliente_edad_lag1	0.0027174192079333	0.00668606350061026	0.00854001759014952
ccomisiones_mantenimiento_mean6	0.00270832179728156	0.00534697620720906	0.00411609498680739
cliente_edad_mean6	0.00269251488704981	0.00683874327188168	0.00874230430958663
mvr_msaldototal	0.00264483120816703	0.00123662586237137	0.00187335092348285
cliente_edad	0.00258639460863112	0.00696853743966524	0.00864555848724714
mtransferencias_recibidas	0.00254067412107767	0.00580239423119875	0.00357080035180299
mrentabilidad_annual_mean6	0.00253192392057747	0.00280689642805573	0.00578715919085312
thomebanking_mean6	0.00249931027705362	0.00216540996958263	0.00377308707124011
mcaja_ahorro_delta1	0.00247697430279799	0.00604583444086732	0.00414248021108179
mv_msaldototal	0.00246874359914505	0.00180534563327478	0.00225153913808267
ctrx_quarter_normalizado_lag1	0.00245850917078715	0.00143750213594936	0.00252418645558487
mcuentas_saldo_delta1	0.00236394598625128	0.00635431332983047	0.0054353562005277
mtransferencias_emitidas_mean6	0.00224548695829667	0.00436125278696638	0.00656992084432718
mrentabilidad_annual	0.00218684197524342	0.00168492418916934	0.00415127528583993
ccomisiones_mantenimiento	0.00218293194138269	0.00460803716026863	0.00169744942832014
ccallcenter_trx	0.00217646965915039	0.00573085654439544	0.00219876868953386
mautoservicio	0.00209236569792871	0.00373317581058869	0.00244503078276165
mtarjeta_visa_debitos_automaticos_mean6	0.00200980746813692	0.00213186432873745	0.00365875109938435
mcomisiones_otras_mean6	0.00200861135893644	0.0021114822363397	0.00422163588390501
mv_status07_mean6	0.00200610525437828	0.000297356777900091	0.000369393139841689
Visa_status	0.00194951684836522	0.000463145000714836	0.000246262093227792
cpayroll_trx_mean6	0.00193169270091159	0.0023924180130353	0.00188214599824099
chomebanking_trx_delta1	0.00191578549759288	0.00615095557178813	0.00428320140721196
mv_status01_mean6	0.0019030944820913	0.00180762353831921	0.00117854001759015
cprestamos_personales_delta1	0.00187690517598146	0.00157879280675453	0.000527704485488127
mcaja_ahorro_mean6	0.00187196174367449	0.00389482666852467	0.00609498680738786
ccaja_ahorro_mean6	0.00182657329296237	0.00237874487890425	0.00160070360598065
mcuenta_debitos_automaticos	0.00181480759118528	0.0075037067760501	0.0032014072119613
Master_status	0.00180848609351295	0.000284784004186605	0.000272647317502199
mv_status06_delta1	0.00180248123062171	0.000343489270081838	0.000202286719437115
mpayroll_sobre_edad_lag1	0.00178276405219751	0.00303175193012466	0.00293755496921724
mcomisiones_mantenimiento_mean6	0.00175295992322146	0.00242410170619034	0.00388742304309587
tcallcenter	0.00173407932766693	0.00167744793976555	0.00117854001759015
mcomisiones	0.0017288317341249	0.00197654730895668	0.00357959542656113
ctarjeta_debito_trx	0.00172682675995274	0.00111181050084246	0.00179419525065963
tmobile_app	0.00167448243401025	0.00120980568459234	0.00233069481090589
mrentabilidad	0.00166013443988531	0.00219567625240382	0.00423922603342129
thomebanking	0.00165092664386422	0.00262534163147135	0.00157431838170624
mrentabilidad_annual_lag1	0.00163003357465979	0.00176262453751279	0.00474934036939314
mv_fultimo_cierre_mean6	0.00161456029717549	0.00213008945600038	0.00379067722075638
ctransferencias_recibidas_mean6	0.00160751014935743	0.00333025063383805	0.00487247141600704
mpayroll_mean6	0.00159669505835673	0.00386175705764948	0.0033245382585752
mcomisiones_otras	0.00159165242286338	0.00207340894065183	0.00326297273526825
chomebanking_trx_mean6	0.00156921186547798	0.00170460858971304	0.00426561125769569
Master_fultimo_cierre_mean6	0.00150706268603784	0.00213096184387528	0.00479331574318382
cproductos_mean6	0.00150102124991456	0.00350135364479959	0.00492524186455585
Visa_cconsumos_mean6	0.00148857785987388	0.00243120156121505	0.00348284960422164
mcomisiones_mean6	0.00147854183033347	0.00180236821599402	0.00363236587510994
numero_de_cliente	0.00144625483611086	0.00265643782658056	0.00512752858399296
mv_Finiciomora_mean6	0.00144433736621716	0.00175519555736924	0.00109938434476693
mactivos_margen_delta1	0.00143955773397674	0.00273480225038501	0.00394898856640281
mv_mpagominimo	0.00142845031437079	0.00423949694195972	0.0038698328935796
mcaja_ahorro_dolares_mean6	0.00142227331560342	0.00218335693658512	0.00360598065083553
mv_mpagominimo_mean6	0.00138202867608705	0.00319186280531897	0.00333333333333333
cpayroll_trx_lag1	0.00137484201775122	0.00153015231320635	0.000835532102022867
mv_mconsumospesos	0.00135486743886064	0.000719500640724113	0.00156552330694811
chomebanking_trx	0.0013470481039218	0.00339935349864316	0.00356200527704486
ccomisiones_otras_mean6	0.00134116513152118	0.00696464430941098	0.00436235708003518
Visa_fultimo_cierre_mean6	0.00133985271369168	0.00242168429918275	0.00402814423922603
ccallcenter_trx_mean6	0.00133623533351999	0.00266282324223412	0.00349164467897977
ctarjeta_visa_debitos_automaticos_mean6	0.00133272200704084	0.00428149231198034	0.00341248900615655
mactivos_margen_lag1	0.00132577398366412	0.00257058532088741	0.00460861917326297
mvr_mpagominimo_mean6	0.00131665879118576	0.00360212654989253	0.00445910290237467
Master_Fvencimiento	0.00130711117817881	0.00138282379840703	0.00410729991204925
Visa_mconsumototal	0.00128300620837557	0.000744549465171843	0.00184696569920844
Visa_mpagominimo	0.001268197883232	0.00304077671806691	0.00398416886543536
Visa_fechaalta_mean6	0.00126675475408159	0.00250587267206176	0.00452946350043975
mv_status06	0.00126362312772684	0.000537695238177192	0.000237467018469657
ctransferencias_emitidas_mean6	0.00125887748114735	0.00195100789148061	0.00339489885664028
Visa_Fvencimiento	0.0012557073253625	0.00161750772652178	0.0041688654353562
Visa_mpagospesos_mean6	0.00125550589653921	0.00288151432306003	0.00303430079155673
Visa_fechaalta_lag1	0.0012420866578017	0.00246504974959757	0.00413368513632366
cliente_antiguedad_mean6	0.00122399721141614	0.00227412623417611	0.00468777484608619
ccaja_seguridad	0.00122028118956347	0.00476380284360555	0.00098504837291117
tcallcenter_mean6	0.0011968408417339	0.00212271654363151	0.00260334212840809
Visa_mfinanciacion_limite	0.00117044198922965	0.00187511609294667	0.0031750219876869
mpagomiscuentas	0.00115426254976937	0.00484296859969601	0.00211961301671064
Master_fechaalta_mean6	0.00114628318945033	0.0021186933167226	0.00473175021987687
Master_Fvencimiento_mean6	0.00113917799858859	0.00151661449415918	0.00436235708003518
Visa_mpagominimo_mean6	0.00112420416055187	0.00163660826978425	0.00273526824978012
mtransferencias_recibidas_mean6	0.00111593818686134	0.00195969178249852	0.00399296394019349
mrentabilidad_delta1	0.00111248006103181	0.00221014701737688	0.00370272647317502
cliente_antiguedad_lag1	0.00109595786784885	0.00190286138900772	0.00382585751978892
mv_fechaalta_lag1	0.00108837803135179	0.0027341949708516	0.00428320140721196
tmobile_app_delta1	0.00108391304739954	0.00094121944206152	0.00226033421284081
mvr_mpagominimo	0.0010689908767356	0.00526508970774135	0.00371152154793316
Master_mfinanciacion_limite	0.00106435141994643	0.00191351578317993	0.00342128408091469
internet	0.00106147328958686	0.00142938929885721	0.00216358839050132
ccaja_ahorro_delta1	0.00105984754031753	0.00968619326650144	0.000967458223394899
mpasivos_margen_delta1	0.00105075649098606	0.00141101296435087	0.00313104661389622
mv_fechaalta	0.00102998141949513	0.00211529921393465	0.00396657871591909
mpayroll_sobre_edad_delta1	0.00101587683593125	0.00683679740456776	0.00357080035180299
Master_Fvencimiento_lag1	0.00101545437893997	0.00144288100155292	0.00388742304309587
ctrx_quarter_normalizado_mean6	0.00101308315435002	0.00161833909511564	0.00278803869832894
mrentabilidad_lag1	0.00100889054376697	0.00132348522151157	0.0036235708003518
cliente_antiguedad	0.00100437851377965	0.00207924193095844	0.00379067722075638
mv_fechaalta_mean6	0.000994228478161542	0.0027892225183974	0.00357959542656113
mpayroll_sobre_edad_mean6	0.000991015431208049	0.0029237412457085	0.00281442392260334
mcomisiones_otras_delta1	0.000990616141713021	0.0016114845062654	0.00270888302550572
cplazo_fijo	0.000978515598276999	0.0056511548677575	0.000773966578715919
Visa_fechaalta	0.000967546949861509	0.00190150775273359	0.00423043095866315
Master_fechaalta_lag1	0.000964718037692383	0.00193217998080643	0.00461741424802111
ctarjeta_visa_trx_mean6	0.00095724534306272	0.0017342675323214	0.0026297273526825
mprestamos_hipotecarios_mean6	0.0009545439427199	0.00738497209817867	0.000677220756376429
Master_fechaalta	0.000954356563703979	0.00407950153968229	0.00475813544415128
Visa_mpagospesos	0.000953644952258738	0.00224520861191745	0.00337730870712401
Visa_Fvencimiento_lag1	0.000925478109571402	0.0011974885532324	0.00324538258575198
ccaja_seguridad_mean6	0.00091160398265162	0.000966055099742573	0.000413368513632366
mcaja_ahorro_dolares	0.000910153098377378	0.00265843029568122	0.0029287598944591
Visa_Fvencimiento_mean6	0.000910011052735795	0.00122789081861098	0.00353562005277045
mv_cconsumos_mean6	0.000889451395806079	0.00143461318924811	0.00263852242744063
ccajas_trx_mean6	0.000880908021703347	0.00358853418005594	0.00412489006156552
mpasivos_margen_lag1	0.000879657208852898	0.00170569602541632	0.00330694810905893
Visa_mfinanciacion_limite_mean6	0.000873230458880619	0.00133354841619396	0.00241864555848725
mcomisiones_lag1	0.000865652710288077	0.00114360475188218	0.00302550571679859
mcomisiones_mantenimiento_lag1	0.000861979338901362	0.00478766623510316	0.00236587510993844
Visa_mlimitecompra	0.000859737779135857	0.00134500232226988	0.00244503078276165
mv_Fvencimiento	0.000850727785308432	0.00114805928803604	0.00300791556728232
Visa_mconsumospesos_mean6	0.000834418064119861	0.000968142471440179	0.00262093227792436
mv_mlimitecompra_mean6	0.000823593566719005	0.000825255325362793	0.00202286719437115
mv_Fvencimiento_mean6	0.000808563448580845	0.00114951662542155	0.0032014072119613
mvr_msaldopesos	0.000798579656593426	0.00104198348796063	0.00169744942832014
cmobile_app_trx_mean6	0.000792489235230344	0.00126233390792732	0.00312225153913808
tpaquete7_mean6	0.000785228178190439	0.00311913337490691	0.000545294635004398
mcomisiones_otras_lag1	0.000774818248361491	0.000931584401294774	0.00263852242744063
Visa_delinquency_mean6	0.000770373058604535	0.00148828024374647	0.000659630606860158
cprestamos_personales_lag1	0.000766943894774889	0.000447520052687699	0.000474934036939314
chomebanking_trx_lag1	0.000761748921795207	0.00105142277695131	0.00308707124010554
mvr_mpagominimo_delta1	0.00075686260766939	0.00206373749223919	0.00176781002638522
internet_mean6	0.000740461412825592	0.00113339774699853	0.0016622691292876
mtransferencias_recibidas_lag1	0.000728493605630565	0.00207004972852452	0.0025065963060686
mv_status05_mean6	0.000716188871008054	0.000404914247804349	0.000659630606860158
Master_mlimitecompra_mean6	0.000711932003457365	0.00115279926013367	0.0025065963060686
mv_Fvencimiento_lag1	0.000711242047281811	0.000953994399568507	0.00269129287598945
Visa_mlimitecompra_mean6	0.000710626464459308	0.00106423596248648	0.00215479331574318
Master_mfinanciacion_limite_lag1	0.000710077267403201	0.00256297691172904	0.00261213720316623
Visa_mconsumosdolares_mean6	0.000697706901733735	0.000926541699621581	0.00252418645558487
mcaja_ahorro_dolares_lag1	0.000697132796817083	0.00119434778698042	0.00243623570800352
Visa_mpagado_mean6	0.000696406797385319	0.00185384547195102	0.00199648197009675
Visa_delinquency	0.000694061076720308	0.000384587312990125	0.000237467018469657
Master_mlimitecompra	0.000693560242062584	0.000843343493351925	0.00248900615655233
ccaja_ahorro_lag1	0.000689203207200629	0.000921344568850411	0.000923482849604222
mvr_msaldopesos2_mean6	0.000688306562954037	0.0014120122935511	0.00423043095866315
mpayroll_delta1	0.000686784542252243	0.00491800712436914	0.00282321899736148
mvr_msaldopesos2	0.000681345453863259	0.00109842650409917	0.00254177660510114
mv_mfinanciacion_limite_mean6	0.000679257072088614	0.000715896162422334	0.00210202286719437
Visa_mfinanciacion_limite_lag1	0.000678976505619362	0.000832385580771822	0.0019613016710642
Visa_mconsumospesos	0.000664480570273526	0.000975122909386376	0.0026561125769569
Master_delinquency_lag1	0.00066328690773061	0.000118100820756511	7.03605980650836e-05
mv_mpagospesos_mean6	0.000661441613768512	0.0013485835603577	0.00192612137203166
Master_mpagominimo	0.000660041383316097	0.00253822286785419	0.00150395778364116
ccallcenter_trx_delta1	0.000655771134712165	0.000977933336931327	0.000668425681618294
Visa_mlimitecompra_lag1	0.000654099055764499	0.000779647770755349	0.00186455584872471
Visa_mpagominimo_lag1	0.000653046692813011	0.00101561076014957	0.00244503078276165
ctarjeta_visa_delta1	0.000649732494394787	0.000164348967893363	4.39753737906772e-05
mpagomiscuentas_mean6	0.000647371992529616	0.00124838874800206	0.00253298153034301
Visa_cconsumos	0.000643346291915647	0.000835558749828641	0.00218117854001759
ccomisiones_otras	0.000640272825444184	0.00209964756696719	0.0018117854001759
Visa_mpagospesos_lag1	0.000635519115045743	0.00134736554256451	0.00291996481970097
mvr_msaldopesos_lag1	0.000635275861486626	0.00217016741735028	0.00147757255936675
ctarjeta_debito_trx_mean6	0.000627824739642227	0.00156177684393682	0.00299912049252419
ctarjeta_debito_mean6	0.000627253044068346	0.00123585608337846	0.00240985048372911
Visa_msaldototal_mean6	0.000604615416951037	0.00111548785511543	0.00200527704485488
mvr_msaldopesos_mean6	0.00060439120463782	0.000971547132445439	0.00167985927880387
cproductos_lag1	0.000598786813979259	0.00293661784122693	0.0026297273526825
mtransferencias_emitidas	0.000592892081483796	0.00259935373247733	0.00314863676341249
Visa_fultimo_cierre	0.000588393054812779	0.00081367374980862	0.00203166226912929
Master_mfinanciacion_limite_mean6	0.000583677597631833	0.000931588466815231	0.00200527704485488
mvr_msaldototal_lag1	0.000582996347909425	0.00115909213968727	0.00142480211081794
ctarjeta_visa_trx_lag1	0.000576803459779548	0.00138604945515334	0.00303430079155673
ccajas_extracciones_mean6	0.000576056743297938	0.00239852290777729	0.0019349164467898
mtarjeta_visa_debitos_automaticos_delta1	0.000571740919423069	0.00290323033092372	0.00170624450307828
mvr_mpagospesos_mean6	0.000570957949256907	0.00115228979580888	0.00192612137203166
mplazo_fijo_dolares	0.000569844601446928	0.00381762128212707	0.000756376429199648
Master_mlimitecompra_lag1	0.000568508564997015	0.00132081508476211	0.00210202286719437
Visa_mpagospesos_delta1	0.000568274869962261	0.00123684345873496	0.00246262093227792
mvr_mpagominimo_lag1	0.000565736532744394	0.00200201184804105	0.00269129287598945
Master_fultimo_cierre	0.000559181125152708	0.000973657805036414	0.002207563764292
mtarjeta_master_consumo	0.00055839292211135	0.00114824970002404	0.000624450307827617
mcomisiones_delta1	0.000557835074167615	0.00114454024634328	0.00218117854001759
mtransferencias_emitidas_lag1	0.000552723697065441	0.00152190579937438	0.00269129287598945
Visa_mconsumototal_mean6	0.00054650716320171	0.000626769213737379	0.00155672823218997
Visa_delinquency_lag1	0.000538290668717631	0.000930744112827668	0.000237467018469657
mcomisiones_mantenimiento_delta1	0.000528271586107062	0.00158326057101974	0.000870712401055409
tmobile_app_mean6	0.00052747450160891	0.00077857022579587	0.00199648197009675
Master_mpagominimo_mean6	0.000520227793698208	0.000971383480077171	0.0018117854001759
cliente_vip_lag1	0.000515923352966601	0.00082740446869959	0.000492524186455585
mextraccion_autoservicio_mean6	0.000509412644401905	0.000951814916526803	0.0023570800351803
mv_mlimitecompra	0.00050877109433773	0.000700938687903152	0.00140721196130167
Master_fultimo_cierre_lag1	0.000505988485268293	0.000982360628030185	0.00202286719437115
mv_mfinanciacion_limite	0.000504476507189423	0.000624023834519749	0.00149516270888303
mtransferencias_emitidas_delta1	0.000503412214017761	0.00234387096577823	0.00190853122251539
mvr_Visa_mlimitecompra	0.000500296542409105	0.000705966341082711	0.00174142480211082
Visa_mconsumospesos_lag1	0.000491026177575827	0.000843044707938	0.00200527704485488
ccajas_consultas_mean6	0.000488697207832043	0.00338735614777294	0.00219876868953386
mv_mpagominimo_delta1	0.000488449280655279	0.00136231798069267	0.00144239226033421
cextraccion_autoservicio_mean6	0.000486001106168542	0.00110385919233924	0.0023570800351803
mvr_mconsumospesos_mean6	0.000484934310315109	0.000647946631159558	0.00176781002638522
mforex_sell_mean6	0.000483472254743843	0.00148953891674425	0.00156552330694811
mtarjeta_visa_debitos_automaticos	0.000482231943178824	0.000798006386874023	0.00170624450307828
Visa_msaldopesos_mean6	0.000481923285497475	0.000618414265800072	0.00147757255936675
mprestamos_prendarios	0.000480508713587411	0.00847620505824438	0.000782761653474055
mautoservicio_mean6	0.000478926150097758	0.000894959341080935	0.00232189973614776
mv_fultimo_cierre	0.000476637758564671	0.000856175914260007	0.00187335092348285
ccuenta_debitos_automaticos_mean6	0.000476354491952623	0.00234193960084326	0.00182058047493404
mv_msaldototal_mean6	0.000475623459724267	0.00174408321569116	0.00157431838170624
cmobile_app_trx_lag1	0.000474170660140922	0.000843685967940916	0.00239226033421284
mv_msaldopesos_lag1	0.000473809445396375	0.000547614440620098	0.0011169744942832
ccomisiones_otras_lag1	0.000472990399104867	0.000974150764561744	0.00195250659630607
cpagomiscuentas_mean6	0.000470621040377301	0.00101441167433224	0.00218117854001759
internet_delta1	0.000470293591829064	0.000445930009432929	0.000967458223394899
Visa_mpagominimo_delta1	0.000470121849663977	0.0010151348515384	0.00170624450307828
matm_mean6	0.00046978731574302	0.00102556661295601	0.00199648197009675
mtarjeta_visa_debitos_automaticos_lag1	0.000469364046213397	0.0010605541786166	0.00186455584872471
ctarjeta_visa_trx_delta1	0.000467115193950668	0.00177625113053652	0.00122251539138083
mtarjeta_visa_consumo_lag1	0.000467065579791519	0.00121140082491754	0.00197889182058048
mvr_msaldototal_mean6	0.000466157729144842	0.000710860742278319	0.00171503957783641
catm_trx_mean6	0.00046600283412597	0.000868079576121473	0.00190853122251539
Master_delinquency	0.000465540978324327	0.000414409119134425	0.000175901495162709
Master_mconsumospesos_mean6	0.000463837383859799	0.00161279299705863	0.00236587510993844
mv_mpagominimo_lag1	0.000459032357409491	0.00142054102731811	0.00212840809146878
mcuenta_debitos_automaticos_mean6	0.000454201538353201	0.00108089070077758	0.00189094107299912
mvr_Master_mlimitecompra	0.000449208276855574	0.000718948033338935	0.00164467897977133
Master_cconsumos_mean6	0.000444852912581543	0.00148963648923523	0.0017854001759015
ccajas_consultas	0.000443923718548538	0.00421552329597448	0.000738786279683377
Master_msaldopesos	0.000441657825876258	0.00172073462830642	0.00114335971855761
Visa_cconsumos_lag1	0.000441148839889007	0.000789846644598088	0.00180299032541777
Visa_msaldototal_delta1	0.000435094439059035	0.000845871458244191	0.00140721196130167
mvr_Visa_mlimitecompra_mean6	0.000434227179790025	0.000698208357179156	0.0016622691292876
Master_msaldototal_mean6	0.000431688467385383	0.000674521300046474	0.00144239226033421
mv_mconsumototal	0.000430847002739402	0.000346999634618995	0.000879507475813544
ccaja_seguridad_lag1	0.000429759019834104	0.000789635540931344	0.000272647317502199
mvr_msaldopesos2_lag1	0.000424976681944643	0.00118956958685461	0.00240105540897098
mplazo_fijo_dolares_delta1	0.000420287549355132	0.00497346956124509	0.000773966578715919
mv_msaldopesos_mean6	0.000418227101571794	0.000844862663056031	0.00135444151275286
mv_cconsumos	0.000413534804199996	0.000506283752854583	0.00125769569041337
cplazo_fijo_mean6	0.000403655485020763	0.00240674709158645	0.000466138962181179
Visa_cconsumos_delta1	0.000398115272823568	0.00178151804262897	0.00156552330694811
Visa_mconsumosdolares_lag1	0.000397223624652614	0.000633515489841104	0.00165347405452946
mvr_Master_mlimitecompra_lag1	0.000390686074772304	0.000669101597200106	0.00150395778364116
mtarjeta_visa_consumo_delta1	0.000389138304211202	0.00109475455029368	0.00145998240985048
mtarjeta_visa_consumo_mean6	0.000387933759562679	0.000498987296542073	0.0012664907651715
mvr_Master_mlimitecompra_mean6	0.000387759663753626	0.000792677339065917	0.00150395778364116
mv_status04_delta1	0.000385734012201774	0.00113831314326993	0.000378188214599824
mv_mpagado_mean6	0.000376569355425677	0.00110406252904153	0.00144239226033421
mv_mfinanciacion_limite_delta1	0.000374697673056276	0.00289791226608879	0.000545294635004398
Visa_msaldopesos_lag1	0.000373842890986886	0.000609014721822815	0.00136323658751099
mv_msaldototal_lag1	0.000367875453898647	0.000512060796745346	0.00102022867194371
mvr_mconsumosdolares_mean6	0.000365680330636849	0.000709304740172455	0.00177660510114336
Visa_mconsumosdolares	0.000361686630182517	0.000552944944734039	0.00133685136323659
ctransferencias_recibidas	0.000361253573837788	0.00102185904033695	0.00130167106420405
Master_mpagospesos_mean6	0.000358841291685867	0.00149201396919116	0.00175021987686895
Visa_mconsumospesos_delta1	0.000358800627825537	0.000598421977930973	0.00162708883025506
Visa_msaldopesos_delta1	0.000356393119190383	0.000763846609722111	0.00155672823218997
mvr_Visa_mlimitecompra_lag1	0.000355749086191639	0.000521665679845414	0.00134564643799472
mpagomiscuentas_lag1	0.000355455600241504	0.00110457581616914	0.00150395778364116
tpaquete7	0.000354294583464713	0.00139627466385994	0.000255057167985928
mv_mconsumospesos_mean6	0.000352347721360924	0.000493121478674751	0.00137203166226913
Master_msaldopesos_mean6	0.000350644441674007	0.000466328910027193	0.0012401055408971
mplazo_fijo_dolares_mean6	0.000349647310674639	0.00230568614133512	0.000615655233069481
mv_mpagospesos_lag1	0.000349384220342786	0.000686654936871136	0.00152154793315743
mtransferencias_recibidas_delta1	0.000338686241841695	0.00095068002952505	0.00160070360598065
Visa_fultimo_cierre_lag1	0.000335213235299555	0.00061761845534036	0.00140721196130167
mv_mpagospesos_delta1	0.000331536113255326	0.000818655225957311	0.0013896218117854
cmobile_app_trx	0.000331137347557956	0.000777346261420509	0.00145118733509235
mcuenta_debitos_automaticos_lag1	0.000329992745356136	0.000912600241140326	0.00127528583992964
Master_msaldototal	0.000329065139476472	0.000866844264696477	0.00107299912049252
tmobile_app_lag1	0.000327420091155886	0.000380915783940502	0.00123131046613896
mv_fultimo_cierre_lag1	0.000322026852671139	0.000872628711475238	0.0015391380826737
minversion1_pesos	0.000319265771372981	0.00553811828986467	0.00050131926121372
mv_mconsumosdolares_mean6	0.000317231058390905	0.000417776826379109	0.00131046613896218
cliente_vip_delta1	0.000315288737297439	0.000452572463066462	0.000439753737906772
mvr_mpagospesos_lag1	0.000315003533333444	0.000606185240943182	0.00133685136323659
mv_mfinanciacion_limite_lag1	0.000306503169274341	0.000462557745386655	0.00133685136323659
Visa_msaldototal_lag1	0.000300168534274303	0.000584952665937483	0.00128408091468778
ccuenta_debitos_automaticos	0.000299246487868949	0.0010961396185021	0.000879507475813544
ccajas_otras	0.000295761673478286	0.00266367785104194	0.000351802990325418
mvr_mconsumototal	0.000295155234305548	0.000496447195767844	0.00116974494283201
mv_mlimitecompra_lag1	0.000293656205154208	0.000383414076601369	0.00107299912049252
mv_cconsumos_delta1	0.000290428740859568	0.00263388759819075	0.00109938434476693
ccajas_otras_delta1	0.000288136711896896	0.00191293841859555	0.000299032541776605
Master_msaldototal_lag1	0.000287491577447947	0.000486634000253884	0.000905892700087951
ccajas_depositos_mean6	0.000286089376543563	0.00349731803929108	0.000817941952506596
cforex_sell_mean6	0.000278645888349809	0.000632315008397341	0.000914687774846086
mvr_msaldodolares2_mean6	0.00027550821814724	0.000905291830984084	0.00143359718557608
mvr_msaldototal_delta1	0.000275318383189047	0.00142718481589866	0.00116094986807388
mdescubierto_preacordado_lag1	0.000272418160460565	0.000366759520348506	0.000413368513632366
Master_mfinanciacion_limite_delta1	0.000270463615484139	0.00171817917564151	0.000571679859278804
mv_cconsumos_lag1	0.000266876978952181	0.0006958857314097	0.00102022867194371
mvr_mconsumospesos	0.000265063424102384	0.000474214199332539	0.00112576956904134
Master_mpagospesos	0.000264266786043839	0.00161740578511329	0.00125769569041337
ctransferencias_emitidas_delta1	0.000262516366456003	0.00123991389755096	0.000967458223394899
Master_mpagominimo_lag1	0.000261464442996377	0.000587618191051797	0.000958663148636763
ctarjeta_visa_descuentos_mean6	0.00026120921771077	0.00409645142262272	0.000712401055408971
cpagomiscuentas	0.000260716840439421	0.00107428750672219	0.000853122251539138
mautoservicio_lag1	0.000259704758853697	0.000675374391869051	0.00191732629727353
mv_fultimo_cierre_delta1	0.000258943210994432	0.000579168037120492	0.000615655233069481
Visa_mconsumototal_lag1	0.000258035132489992	0.00063298138967592	0.00110817941952507
mvr_mconsumototal_mean6	0.00025699982615751	0.000416416697408125	0.000958663148636763
Master_mlimitecompra_delta1	0.000254696164875813	0.000945411903844397	0.000518909410729991
Master_Finiciomora_mean6	0.00025388543813247	0.000520550392293031	0.00019349164467898
ctarjeta_master_trx_mean6	0.000253169902627158	0.000627231530160753	0.000809146877748461
Visa_fultimo_cierre_delta1	0.000252690113070437	0.00039549595388946	0.000800351802990326
cmobile_app_trx_delta1	0.000250292915389621	0.00152415372879035	0.00128408091468778
Master_mconsumototal_mean6	0.000247009806874271	0.000684795052280924	0.00118733509234829
mvr_mpagado_mean6	0.000245705695684067	0.000835231566450924	0.00119613016710642
mvr_mpagospesos_delta1	0.000244889055158713	0.000868742437994283	0.0011169744942832
Master_mpagominimo_delta1	0.000244541291667658	0.00115721471874762	0.000677220756376429
mv_mconsumospesos_lag1	0.000244284471151224	0.000488359479951359	0.000879507475813544
mextraccion_autoservicio	0.000242698570481274	0.000430993044554264	0.000967458223394899
mv_mconsumototal_mean6	0.000242042933478629	0.000366853087998439	0.000923482849604222
ctarjeta_debito	0.000239827392035343	0.00045515855883333	0.000967458223394899
mvr_msaldopesos_delta1	0.000237542528761272	0.000612572962414316	0.000905892700087951
ccomisiones_otras_delta1	0.000228589470656945	0.000322672106315725	0.000800351802990326
mvr_msaldodolares_mean6	0.000221183090420457	0.00130487084168053	0.00165347405452946
Visa_mfinanciacion_limite_delta1	0.00021884027424833	0.000571476193773634	0.000413368513632366
Visa_mpagosdolares_mean6	0.000216171154626524	0.000421439617593719	0.000993843447669305
Master_mpagospesos_lag1	0.000215032409590959	0.000936940633478477	0.00098504837291117
ctransferencias_emitidas	0.000213510875060586	0.00095268123646072	0.00112576956904134
tpaquete9	0.000212384516484502	0.00105398223445727	0.000325417766051011
ctarjeta_visa_debitos_automaticos_lag1	0.000209379530921752	0.000674494661785566	0.000756376429199648
mvr_mconsumospesos_lag1	0.000208904044535549	0.000422485973336553	0.000923482849604222
ctarjeta_master	0.000206318912920536	0.000178233751805851	0.000237467018469657
mextraccion_autoservicio_lag1	0.000206105279788594	0.00050974818307851	0.00102022867194371
internet_lag1	0.000204811526900308	0.00059282120772572	0.000914687774846086
cextraccion_autoservicio_lag1	0.000203491017690061	0.000667126725128295	0.000976253298153034
matm_other_mean6	0.000203288060027768	0.000528293327702952	0.000879507475813544
Visa_mconsumototal_delta1	0.000201888971429145	0.000460341005187325	0.00100263852242744
ctransferencias_emitidas_lag1	0.000201718841947823	0.000643357326036496	0.000897097625329815
ctarjeta_debito_lag1	0.000201509611731283	0.000494489556648421	0.000826737027264732
mvr_msaldopesos2_delta1	0.000199036980327912	0.000524130234754425	0.00105540897097625
Master_msaldototal_delta1	0.000198712114377238	0.00172997282573299	0.000686015831134565
ctransferencias_recibidas_lag1	0.000198381009464643	0.000561020221271513	0.000993843447669305
Visa_msaldodolares_mean6	0.000197965440668864	0.000657530215786782	0.000993843447669305
Master_msaldopesos_lag1	0.000197301716330797	0.000740097295514961	0.000809146877748461
mv_msaldodolares_mean6	0.000192020945088221	0.000922150512771562	0.0011169744942832
mv_status03	0.000190750131349894	0.000169989119035586	0.000219876868953386
mvr_mconsumototal_lag1	0.000190620948102391	0.000515722010295301	0.00079155672823219
Master_mpagosdolares_mean6	0.00018947021071998	0.0021322869608268	0.000729991204925242
mv_status04_mean6	0.000189111986819105	0.000291468265933499	0.000369393139841689
Visa_mconsumosdolares_delta1	0.000188179348433094	0.000523936667437118	0.000870712401055409
ccajas_otras_mean6	0.000186194772277746	0.000793115505084184	0.000474934036939314
mautoservicio_delta1	0.000184862204955381	0.000578042858824309	0.00110817941952507
Visa_mpagado	0.000182461390067204	0.00101683618083077	0.000712401055408971
thomebanking_lag1	0.000177060811053566	0.00020925063892644	0.000589270008795075
mv_mconsumototal_lag1	0.000175791322334385	0.000291586166026768	0.000642040457343888
ctarjeta_debito_trx_lag1	0.000175318817383095	0.000544856379405816	0.00137203166226913
ccuenta_debitos_automaticos_delta1	0.000173453349455205	0.00305799650302219	0.00050131926121372
cprestamos_hipotecarios_mean6	0.000172640619660544	0.00270365745106854	0.00029023746701847
mvr_mconsumosdolares_lag1	0.000170640501397318	0.000888563549248296	0.00079155672823219
mcaja_ahorro_adicional_mean6	0.000169558650117911	0.00066767041264023	0.000158311345646438
Master_fultimo_cierre_delta1	0.000169076192026337	0.000492788591432511	0.000677220756376429
mvr_mconsumospesos_delta1	0.000166775703160929	0.000787539067322266	0.000932277924362357
mtarjeta_master_consumo_lag1	0.000166577288885164	0.000475177060207469	0.000606860158311346
mv_msaldototal_delta1	0.000166261593053615	0.000530630759248402	0.000765171503957784
matm_lag1	0.000160053316297687	0.000458557637332888	0.000958663148636763
mv_msaldopesos_delta1	0.000159461771621293	0.000748750968186783	0.000765171503957784
cforex_mean6	0.000159381034912352	0.000339729634529164	0.000686015831134565
Master_mconsumosdolares_mean6	0.000158564843040127	0.000288202500097303	0.000870712401055409
ctarjeta_visa_debitos_automaticos_delta1	0.000157120465459819	0.000491239628138186	0.000351802990325418
thomebanking_delta1	0.000156528274362849	0.000280361142684663	0.000272647317502199
Visa_mpagosdolares	0.000156144707195101	0.000452876527589041	0.000474934036939314
tcallcenter_delta1	0.000152706924559776	0.000205539789619257	0.000202286719437115
ctarjeta_visa_debitos_automaticos	0.000152425512295961	0.000388461632627347	0.000571679859278804
ccheques_depositados_mean6	0.000149100296577852	0.00141387715385292	0.000395778364116095
mv_mconsumosdolares	0.000147559711769715	0.000695424810612752	0.000677220756376429
ccallcenter_trx_lag1	0.000147303186205087	0.000948968506091833	0.000677220756376429
mvr_mpagosdolares_mean6	0.000146558032250266	0.000717936568256744	0.0006948109058927
catm_trx_other_mean6	0.000144097502740769	0.00039013547414707	0.0006948109058927
mv_status05	0.000143887414093136	0.000179778588900309	0.000255057167985928
ctarjeta_debito_delta1	0.000143252805416474	0.00309618096338884	0.000334212840809147
mv_mconsumosdolares_lag1	0.000140441679259689	0.000296548103405499	0.000721196130167106
mtarjeta_master_consumo_mean6	0.000140202421829174	0.000356741531826423	0.000606860158311346
ccajas_trx_delta1	0.000139982665610483	0.000746601339414707	0.000334212840809147
mcaja_ahorro_adicional	0.000135126604551313	0.00296478831791255	0.000351802990325418
Visa_mlimitecompra_delta1	0.000134853198291296	0.000372692510322492	0.000334212840809147
mv_mconsumospesos_delta1	0.000134791103056765	0.000361494671355983	0.000642040457343888
Visa_fechaalta_delta1	0.000132490689047644	0.000187906595844911	0.000378188214599824
mvr_mconsumosdolares	0.000131082873764752	0.000433685511326537	0.000677220756376429
cextraccion_autoservicio	0.000130462897888625	0.000273618507345527	0.00050131926121372
cseguro_accidentes_personales_mean6	0.000129459856164054	0.000384538101988766	0.000474934036939314
mv_status01_delta1	0.00012699770604972	0.000604025842786127	0.000334212840809147
mcheques_depositados_mean6	0.000124554947713324	0.00108738709907169	0.000334212840809147
Master_mpagospesos_delta1	0.000123923669779117	0.000401034406340834	0.000606860158311346
ccajas_consultas_delta1	0.000119342225083554	0.00131359587333829	0.000316622691292876
mextraccion_autoservicio_delta1	0.000119185221584254	0.000408400886692269	0.000738786279683377
mvr_mconsumototal_delta1	0.00011839351636845	0.000380593515594979	0.000518909410729991
ctarjeta_debito_trx_delta1	0.000118006923487702	0.000526672884063866	0.000782761653474055
Master_mconsumospesos_lag1	0.000116948000825678	0.000314436878853981	0.000554089709762533
Master_mconsumospesos_delta1	0.000116566778171352	0.00023244176324271	0.000510114335971856
mv_fechaalta_delta1	0.000116518244290375	0.000211057004277196	0.000316622691292876
Master_cconsumos	0.000111821061293213	0.000207127466377043	0.000510114335971856
ctarjeta_master_trx	0.00011036965594925	0.000313490037343242	0.000299032541776605
mvr_msaldodolares_lag1	0.000108580622062608	0.00130806367086613	0.000782761653474055
Visa_Fvencimiento_delta1	0.0001081260230727	0.000156305730084271	0.000369393139841689
ccuenta_debitos_automaticos_lag1	0.000106904068898863	0.000590574855974401	0.00048372911169745
Master_mconsumototal	0.000104293269797619	0.00019766791046348	0.00038698328935796
ctarjeta_master_debitos_automaticos_mean6	0.000103214357701749	0.000491892113831917	0.000351802990325418
Master_Fvencimiento_delta1	0.000101840454696774	0.000114647009429301	0.000369393139841689
Master_mconsumototal_lag1	0.000100278704034242	0.000208069514214408	0.000448548812664908
Master_mconsumospesos	9.78044994652419e-05	0.000303210156488401	0.000633245382585752
mvr_mpagosdolares	9.71385767777153e-05	0.00130023056585322	0.000606860158311346
mv_mpagosdolares_mean6	9.69664180009185e-05	0.000234357108813493	0.00050131926121372
ctarjeta_visa_mean6	9.50997295606975e-05	9.7843849301803e-05	8.79507475813544e-05
ctransferencias_recibidas_delta1	9.40499969087574e-05	0.000350828869454725	0.000457343887423043
active_quarter_mean6	9.40474455982476e-05	0.000187528987877638	0.000272647317502199
mv_mconsumototal_delta1	9.38000146294184e-05	0.000323596617803653	0.000430958663148637
mcheques_emitidos_mean6	9.31688244802781e-05	0.000665308527292625	0.000228671943711522
cpagomiscuentas_lag1	9.21728489236748e-05	0.000240539733879454	0.000562884784520668
tcallcenter_lag1	9.0937157604755e-05	0.000523724107464539	0.000343007915567282
catm_trx_lag1	9.08723901076596e-05	0.00022077420496483	0.000439753737906772
cseguro_vida_mean6	9.05952693291253e-05	0.000341551291091194	0.000299032541776605
ccomisiones_mantenimiento_lag1	8.92792745623794e-05	0.000216458442621211	0.00029023746701847
mv_madelantopesos_mean6	8.77214346903651e-05	9.15019407850796e-05	7.9155672823219e-05
Master_delinquency_mean6	8.64051454902592e-05	0.000107642481757408	0.000131926121372032
matm	8.61451955468846e-05	0.000193668045127353	0.000536499560246262
Visa_mpagado_delta1	8.60274598648216e-05	0.000734129536239151	0.000413368513632366
mv_mconsumosdolares_delta1	8.5439609142118e-05	0.000385883061107296	0.00038698328935796
mv_mpagado	8.44458040525778e-05	0.00167610425491463	0.000756376429199648
mcuenta_debitos_automaticos_delta1	8.3656643783426e-05	0.000659701507108161	0.000492524186455585
ctarjeta_master_trx_lag1	8.32635230342425e-05	0.000171931466943736	0.000351802990325418
mvr_mconsumosdolares_delta1	8.30623460519104e-05	0.000343391758270266	0.000448548812664908
ccajas_trx	8.19428328205554e-05	0.000431583637249985	0.000413368513632366
tpaquete9_mean6	8.1139684882302e-05	0.000464711136282139	0.000202286719437115
cpayroll_trx_delta1	8.06823850436244e-05	0.000340728538973524	0.000439753737906772
tcuentas_lag1	8.06495223300053e-05	0.000615644008024418	0.000149516270888303
mv_Fvencimiento_delta1	8.00419310108096e-05	8.01742478815688e-05	0.000219876868953386
ccajas_trx_lag1	7.94807565234806e-05	0.000670050077054911	0.00059806508355321
ccheques_emitidos_mean6	7.93177158662754e-05	0.000880610238324549	0.000228671943711522
mvr_mpagado	7.73515256357223e-05	0.00146882345166898	0.000686015831134565
mforex_buy_mean6	7.52039766678134e-05	0.000739696750730778	0.000255057167985928
mforex_sell	7.5143767777512e-05	0.000410390443181255	0.000413368513632366
mplazo_fijo_dolares_lag1	7.44759655752236e-05	0.000442313152531548	0.000246262093227792
mttarjeta_master_debitos_automaticos_mean6	7.31174342822489e-05	0.000486309244052559	0.000343007915567282
Master_msaldopesos_delta1	7.27215713376894e-05	0.000424660723384292	0.000316622691292876
minversion2	7.13313458772758e-05	0.00200146245666459	0.000175901495162709
Visa_msaldodolares_lag1	6.99735770968023e-05	0.000269237150559898	0.000316622691292876
Master_mconsumototal_delta1	6.59031228781183e-05	0.00021718653485957	0.000369393139841689
Master_fechaalta_delta1	6.5548324179516e-05	0.000100530976286012	0.000422163588390501
tcuentas_mean6	6.53655105018839e-05	0.000514885119875145	0.000140721196130167
cextraccion_autoservicio_delta1	6.51692071625998e-05	0.000179059780611651	0.000325417766051011
mforex_sell_lag1	6.50680080781785e-05	0.000224302469927883	0.000413368513632366
minversion1_pesos_mean6	6.452172357106e-05	0.00162960289260062	0.000211081794195251
Visa_mpagosdolares_lag1	6.25557311349538e-05	0.000115611630007116	0.000272647317502199
matm_delta1	6.23675955351772e-05	0.000169360783746961	0.000378188214599824
mprestamos_prendarios_lag1	6.13409588034875e-05	0.000580891939153311	7.9155672823219e-05
matm_other_lag1	5.81836186354143e-05	0.0001589960730772	0.000246262093227792
mttarjeta_master_debitos_automaticos_lag1	5.78479682750101e-05	0.000322639521472655	0.000272647317502199
Master_mpagado_mean6	5.73339825942447e-05	0.000200094115985488	0.000219876868953386
mv_status03_mean6	5.65850134084127e-05	0.000406813634690351	0.000518909410729991
mpagomiscuentas_delta1	5.54207287758176e-05	0.000261928012250737	0.000413368513632366
mvr_mpagado_delta1	5.47675602000039e-05	0.000638693506598183	0.000334212840809147
Visa_msaldodolares_delta1	5.45916371225596e-05	0.000259319768499287	0.000237467018469657
mv_status03_delta1	5.30291971241791e-05	0.000480891361588485	0.000140721196130167
catm_trx	5.27530494000443e-05	0.000156174177123794	0.000228671943711522
Master_msaldodolares_mean6	5.27325599289738e-05	0.000124028531621844	0.00019349164467898
ctarjeta_visa	5.23665847076538e-05	8.30069447699216e-05	7.03605980650836e-05
mvr_msaldodolares2_lag1	5.04602008852485e-05	0.000709624277944536	0.000554089709762533
mv_cadelantosefectivo_mean6	4.88042052339018e-05	5.03851479391593e-06	2.63852242744063e-05
cliente_vip	4.86146923091333e-05	0.000145927123829663	0.000123131046613896
Master_cconsumos_delta1	4.79656958899289e-05	0.000100027215825735	0.000299032541776605
mv_status02_delta1	4.78837917721433e-05	0.000246916533056821	0.000175901495162709
minversion2_mean6	4.75579923545081e-05	0.00111989148124446	0.000131926121372032
Visa_status_delta1	4.70139416554637e-05	0.000253874580300797	0.000140721196130167
mvr_msaldodolares2_delta1	4.63666669096189e-05	0.000392187955184033	0.000237467018469657
matm_other	4.5558465901601e-05	0.000347168626775327	0.000184696569920844
ccajas_extracciones	4.55139891372018e-05	0.000572195244779931	0.000422163588390501
Visa_delinquency_delta1	4.53129887728428e-05	0.000197883140330091	8.79507475813544e-05
Master_cconsumos_lag1	4.52709710881781e-05	8.70876957593314e-05	0.000211081794195251
Master_mpagado	4.43308571322012e-05	8.3038498063025e-05	0.000158311345646438
ctarjeta_master_mean6	4.28532192810521e-05	4.7099175859495e-05	0.000131926121372032
matm_other_delta1	4.25030397886589e-05	0.000429001667682984	0.000237467018469657
mtarjeta_visa_descuentos_mean6	4.20389071925064e-05	0.000198647579534929	0.000202286719437115
Master_mconsumosdolares_lag1	4.175810763372e-05	4.46970600631832e-05	0.000105540897097625
mvr_mpagosdolares_lag1	3.9626759717395e-05	0.000133295612447476	0.000167106420404573
mv_mpagado_delta1	3.90887442757956e-05	0.00034003473060171	0.000175901495162709
mtarjeta_master_consumo_delta1	3.90259737992641e-05	0.000150574499147918	0.000255057167985928
mcheques_depositados_lag1	3.87878516232508e-05	0.000949664923678269	0.000123131046613896
mcaja_ahorro_adicional_lag1	3.81350427903352e-05	0.000319750271374355	8.79507475813544e-05
ctarjeta_master_descuentos_mean6	3.77324070276653e-05	0.000375359916498511	0.000123131046613896
mv_status04_lag1	3.71800059397823e-05	5.8530266477329e-05	3.51802990325418e-05
mv_mlimitecompra_delta1	3.7178218118237e-05	0.0001529207898872	0.000131926121372032
tpaquete9_lag1	3.56817122270977e-05	0.000141630960935414	7.03605980650836e-05
mprestamos_prendarios_mean6	3.55989952119705e-05	0.000598164818592181	7.03605980650836e-05
Master_mpagado_delta1	3.5292781512615e-05	8.89650560195707e-05	0.000105540897097625
mvr_mpagosdolares_delta1	3.4310428713819e-05	0.000864733774143732	0.000281442392260334
Master_mconsumosdolares	3.4105749287995e-05	6.13672716037787e-05	0.000175901495162709
Master_cadelantosefectivo_mean6	3.34434468632429e-05	0.00010062278423306	0.000343007915567282
active_quarter_lag1	3.31156322709513e-05	5.79243218909252e-05	8.79507475813544e-05
Master_mconsumosdolares_delta1	3.21686974366501e-05	6.29403853032099e-05	0.000158311345646438
ccheques_depositados_lag1	3.19423684650414e-05	0.000682924730832223	8.79507475813544e-05
mttarjeta_master_debitos_automaticos	3.15606328399074e-05	0.00021196670998913	0.000184696569920844
cforex_lag1	2.98733020410397e-05	6.19479128762901e-05	0.000114335971855761
Master_status_delta1	2.87620295614029e-05	2.73521541648644e-05	8.79507475813544e-05
cplazo_fijo_lag1	2.84262861804298e-05	0.000401532644974818	7.03605980650836e-05
mvr_msaldodolares_delta1	2.70203823322633e-05	0.000390670302465172	0.000246262093227792
cforex_buy_mean6	2.66226442515527e-05	0.000231575018552925	0.000158311345646438
Visa_mpagado_lag1	2.55114845548215e-05	0.000171998578370991	0.000105540897097625
ctarjeta_master_trx_delta1	2.52826891335279e-05	0.000145754005473464	0.000114335971855761
catm_trx_delta1	2.43187475991156e-05	0.000172623454933257	0.000167106420404573
tpaquete7_delta1	2.42481923161101e-05	8.22434157562305e-05	1.75901495162709e-05
cpagomiscuentas_delta1	2.3216411692259e-05	0.000160053593831441	0.000211081794195251
mcheques_emitidos_rechazados_mean6	2.30175065212121e-05	4.10590867271871e-05	3.51802990325418e-05
mcaja_ahorro_adicional_delta1	2.22951719835748e-05	8.97109273250059e-05	1.75901495162709e-05
Visa_msaldodolares	2.16246909766758e-05	0.000135385654039114	0.000140721196130167
Visa_mpagosdolares_delta1	2.15723204173985e-05	0.000122792613402749	0.000123131046613896
Visa_madelantopesos	2.13511982627909e-05	0.000117315932590566	5.27704485488127e-05
catm_trx_other	2.13013626069047e-05	0.000114150833895251	7.9155672823219e-05
mv_mpagado_lag1	2.12468743729392e-05	8.75966139694425e-05	7.9155672823219e-05
mforex_sell_delta1	2.03861286457683e-05	0.000110862980753883	6.15655233069481e-05
mv_status07_lag1	2.01655025146326e-05	1.35288384945182e-05	3.51802990325418e-05
cseguro_vivienda	1.99369587655904e-05	6.19793448105738e-05	5.27704485488127e-05
Master_mpagosdolares_delta1	1.94757152502605e-05	2.09987772396862e-05	7.9155672823219e-05
mv_status01_lag1	1.9285964049905e-05	4.0845616563461e-05	5.27704485488127e-05
cseguro_accidentes_personales_lag1	1.87927560535931e-05	5.8563579473317e-05	0.000114335971855761
Master_mpagado_lag1	1.79577777239946e-05	0.000146213287926347	0.000114335971855761
cforex_buy_delta1	1.76251185850604e-05	0.000656795024057474	6.15655233069481e-05
mvr_mpagado_lag1	1.76170816455848e-05	0.000204897073310506	0.000149516270888303
cseguro_vida	1.75102045891993e-05	0.000101834430688229	7.9155672823219e-05
Master_mpagosdolares_lag1	1.71739342614932e-05	2.72190235397322e-05	7.9155672823219e-05
ccheques_emitidos_rechazados_mean6	1.70824596057343e-05	2.58807998356915e-05	2.63852242744063e-05
cforex_sell	1.68477029584897e-05	9.03963619382662e-05	7.9155672823219e-05
mttarjeta_master_debitos_automaticos_delta1	1.63950449305795e-05	0.000173362590824203	9.67458223394899e-05
cseguro_accidentes_personales	1.59565397263037e-05	6.33905658446209e-05	7.9155672823219e-05
catm_trx_other_delta1	1.58672174629435e-05	0.000105356202954431	8.79507475813544e-05
mv_msaldodolares_lag1	1.57363744452108e-05	0.000192711312872813	0.000263852242744063
ccajas_extracciones_lag1	1.5501260028808e-05	0.000151929288330837	0.000158311345646438
cprestamos_prendarios_mean6	1.5374825867584e-05	0.000247121872179632	3.51802990325418e-05
Master_msaldodolares_lag1	1.47815515893185e-05	6.57752059709062e-05	4.39753737906772e-05
mvr_msaldodolares2	1.46520720580407e-05	0.000114257811694753	0.000131926121372032
mvr_msaldodolares	1.44046238349099e-05	0.000265763436386269	0.000184696569920844
catm_trx_other_lag1	1.38920785704034e-05	8.46454101937227e-05	0.000123131046613896
Master_status_lag1	1.37862434029936e-05	5.09420028830235e-05	3.51802990325418e-05
Master_madelantopesos_lag1	1.37010113849105e-05	4.06312968879975e-05	5.27704485488127e-05
Master_mpagosdolares	1.35669802950982e-05	2.11393714322255e-05	7.9155672823219e-05
ccajas_extracciones_delta1	1.31204166640031e-05	0.000140256511623714	0.000123131046613896
mcheques_depositados	1.30148675226211e-05	0.000146951695664375	6.15655233069481e-05
Master_madelantopesos_mean6	1.27593479710523e-05	9.8442876435488e-05	0.000316622691292876
cseguro_vida_lag1	1.27284657528361e-05	0.00010344037194837	7.03605980650836e-05
ccajas_consultas_lag1	1.20043244831893e-05	0.000162576400973873	8.79507475813544e-05
ctarjeta_master_debitos_automaticos	1.19934197759288e-05	2.65540378875792e-05	4.39753737906772e-05
mv_mpagosdolares	1.18487486223045e-05	5.33741549871933e-05	9.67458223394899e-05
mv_status06_lag1	1.12472669689444e-05	1.26454069670344e-05	2.63852242744063e-05
mvr_Master_mlimitecompra_delta1	1.1101972014151e-05	7.26385933355722e-05	6.15655233069481e-05
ctarjeta_master_debitos_automaticos_lag1	1.09692329977916e-05	2.31115129305944e-05	3.51802990325418e-05
minversion1_pesos_lag1	1.08067835219449e-05	0.000234956378664817	2.63852242744063e-05
cseguro_vivienda_mean6	1.08056512911946e-05	3.14895190436307e-05	5.27704485488127e-05
mv_status03_lag1	9.38502344370498e-06	7.80877256957003e-06	1.75901495162709e-05
mv_msaldodolares_delta1	9.35978776855195e-06	0.000117298578279359	8.79507475813544e-05
cinversion1_mean6	8.95402311788079e-06	0.000154965200562658	4.39753737906772e-05
ccheques_depositados	8.90306803570214e-06	0.000110153335056106	4.39753737906772e-05
minversion2_lag1	8.3308307540251e-06	0.000224934081904638	3.51802990325418e-05
Visa_cadelantosefectivo	7.96339690328879e-06	4.86128237373083e-05	2.63852242744063e-05
cseguro_vivienda_lag1	7.93859185896421e-06	2.58281907873826e-05	2.63852242744063e-05
cforex	7.76359847925237e-06	2.81799426735487e-05	7.03605980650836e-05
ctarjeta_master_debitos_automaticos_delta1	7.58226645399406e-06	7.83435500874766e-05	2.63852242744063e-05
tpaquete7_lag1	7.42717743359436e-06	6.87671256306113e-05	1.75901495162709e-05
mcheques_emitidos_lag1	7.36923595822092e-06	1.12670741731065e-05	2.63852242744063e-05
mv_msaldodolares	7.05324971810561e-06	4.90220456770948e-05	7.03605980650836e-05
mpagodeservicios_mean6	6.97573289839521e-06	0.000131184151024174	5.27704485488127e-05
Master_cadelantosefectivo_delta1	6.93434137345083e-06	2.83658643852192e-05	2.63852242744063e-05
Visa_cadelantosefectivo_lag1	6.86147443455664e-06	5.13068681742359e-06	1.75901495162709e-05
mv_status02_lag1	6.8068804150713e-06	6.06921524901867e-06	1.75901495162709e-05
mcheques_depositados_delta1	6.71507540210071e-06	0.000200023363793645	6.15655233069481e-05
mv_mpagosdolares_delta1	6.51792429692985e-06	0.000133964420902448	7.9155672823219e-05
ctarjeta_master_lag1	6.0297718277128e-06	1.18766595240992e-05	1.75901495162709e-05
Visa_madelantopesos_mean6	5.77238249489363e-06	1.28700421421663e-05	4.39753737906772e-05
Master_madelantodolares_mean6	5.68280953405064e-06	7.20685709597783e-05	0.000263852242744063
mcheques_depositados_rechazados_mean6	5.48945350312418e-06	0.000132137909987633	2.63852242744063e-05
Visa_status_lag1	5.11511415911762e-06	2.43697004930903e-05	8.79507475813544e-06
active_quarter	4.72363527126696e-06	2.76564614050822e-06	1.75901495162709e-05
Master_madelantopesos	4.63485898430766e-06	8.750274292246e-06	1.75901495162709e-05
Master_msaldodolares_delta1	4.59618661204867e-06	5.52811267994219e-05	4.39753737906772e-05
ccajas_depositos_delta1	4.32182119793784e-06	0.000137535646887648	6.15655233069481e-05
cforex_delta1	4.19999325657679e-06	1.07069425411123e-05	8.79507475813544e-06
mv_mpagosdolares_lag1	3.86965263307209e-06	2.80459625366791e-05	3.51802990325418e-05
mv_status05_lag1	3.72522062883183e-06	1.25096671272802e-06	8.79507475813544e-06
cforex_sell_lag1	3.71058500427151e-06	1.03925625188653e-05	3.51802990325418e-05
cseguro_auto_lag1	3.3756141720668e-06	3.91328188626376e-05	8.79507475813544e-06
mcajeros_propios_descuentos_mean6	3.33183724883417e-06	4.11466471155489e-05	4.39753737906772e-05
mcheques_emitidos	3.2402326309451e-06	7.75399119838983e-05	8.79507475813544e-06
cliente_edad_delta1	3.21378949384499e-06	1.28812071535721e-05	1.75901495162709e-05
mtarjeta_visa_descuentos	2.99600247137276e-06	0.000120397475738566	5.27704485488127e-05
Master_msaldodolares	2.93003397881447e-06	5.23231269298029e-05	3.51802990325418e-05
minversion1_pesos_delta1	2.87441806999249e-06	5.81539327776618e-06	1.75901495162709e-05
ccheques_emitidos_lag1	2.86610826905777e-06	3.84046052654583e-06	8.79507475813544e-06
ccajas_depositos_lag1	2.77618266161332e-06	5.34792517249914e-05	3.51802990325418e-05
mforex_buy_delta1	2.62924589700116e-06	8.55326645240248e-05	8.79507475813544e-06
cforex_buy	2.59330055770758e-06	8.62412786718342e-05	8.79507475813544e-06
Visa_cadelantosefectivo_mean6	2.16921631011274e-06	4.1835419096349e-06	8.79507475813544e-06
cseguro_auto_mean6	2.12786266216928e-06	2.54290416296253e-05	1.75901495162709e-05
cforex_sell_delta1	2.10184881176443e-06	1.92161982175766e-05	1.75901495162709e-05
ctarjeta_visa_lag1	2.03937832460795e-06	8.79006178126113e-05	8.79507475813544e-06
mvr_Visa_mlimitecompra_delta1	1.89175458726921e-06	8.16511847164446e-05	5.27704485488127e-05
ccheques_depositados_delta1	1.64902238282954e-06	9.66252853939157e-06	8.79507475813544e-06
mvr_madelantopesos_mean6	1.37421833952053e-06	3.05783570258618e-05	8.79507475813544e-06
Visa_madelantodolares_mean6	1.30645041314433e-06	1.50302898109589e-06	8.79507475813544e-06
cpagodeservicios_mean6	1.17861350240072e-06	7.11720933591844e-05	3.51802990325418e-05
Visa_madelantopesos_lag1	1.13591363220253e-06	2.31771073726035e-06	8.79507475813544e-06
mplazo_fijo_pesos_mean6	1.00049534487614e-06	2.43990693274403e-05	1.75901495162709e-05
mprestamos_hipotecarios_delta1	9.58990170238143e-07	5.5181855284966e-06	3.51802990325418e-05
ctarjeta_visa_descuentos_lag1	8.708165680039e-07	1.28905517826834e-05	8.79507475813544e-06
cinversion2_mean6	8.0740558080292e-07	1.73906581733186e-05	1.75901495162709e-05
minversion1_dolares_mean6	6.63031172406892e-07	7.86113890023962e-06	8.79507475813544e-06
mcajeros_propios_descuentos_lag1	5.53519071535404e-07	4.0151565474007e-06	8.79507475813544e-06
Visa_madelantodolares	3.8693335276133e-07	7.18426008376305e-06	2.63852242744063e-05
Master_madelantodolares_lag1	2.0536555942364e-07	2.6345179358999e-06	1.75901495162709e-05
cpagodeservicios_delta1	1.81209198358944e-07	1.23689515759212e-05	8.79507475813544e-06
mtarjeta_master_descuentos_delta1	1.57604079428144e-07	2.63124124776993e-06	8.79507475813544e-06
cpayroll2_trx_mean6	1.51670202858725e-07	5.75459250913243e-06	8.79507475813544e-06
mtarjeta_visa_descuentos_delta1	3.03788686985711e-08	1.39422473135819e-05	8.79507475813544e-06
ccajeros_propios_descuentos_delta1	1.21155435349849e-08	1.6508136836982e-05	8.79507475813544e-06
mtarjeta_master_descuentos_mean6	6.57512330762092e-09	1.3060454130163e-05	8.79507475813544e-06
Visa_cadelantosefectivo_delta1	1.04542010421945e-11	3.42480656931907e-06	8.79507475813544e-06
Visa_madelantopesos_delta1	6.67501598588697e-12	5.46587987723682e-06	1.75901495162709e-05
Master_cadelantosefectivo	5.11308620624119e-13	2.65211496474599e-06	1.75901495162709e-05
Master_madelantopesos_delta1	5.57928685102557e-15	1.13901320162095e-06	8.79507475813544e-06
Master_madelantodolares	1.32582427694915e-15	1.23397647798006e-06	8.79507475813544e-06
