Feature	Gain	Cover	Frequency
ctrx_quarter	0.0799792025654181	0.0224947583247226	0.0300808897876643
mtarjeta_visa_consumo	0.0584244977935932	0.0137304308846513	0.0177451971688574
mpasivos_margen	0.0494822101569137	0.015612041191482	0.0269464105156724
mcaja_ahorro	0.0429275720263109	0.0168101901801902	0.0305864509605662
cpayroll_trx	0.0381618468190358	0.012503605632359	0.00262891809908999
mcuentas_saldo	0.0349439738283845	0.0294239942491013	0.0348331648129424
mpayroll	0.0309306705802616	0.0271157376216397	0.00839231547017189
mrentabilidad_annual	0.029758559063286	0.0192102968717965	0.0308392315470172
mactivos_margen	0.0296510691331725	0.023321122166439	0.0266430738119312
cliente_edad	0.0229989404363403	0.0311866850295021	0.0312436804853387
Visa_msaldopesos	0.0229431756996507	0.0142964225845866	0.0175429726996967
mprestamos_personales	0.0228491999605276	0.0133955859372166	0.00546006066734075
Visa_Fvencimiento	0.0228139142274798	0.0170961737608558	0.0303842264914055
Master_fechaalta	0.022811120832549	0.026672106275158	0.0324570273003033
cliente_antiguedad	0.0208058934781882	0.0171860410213775	0.0254297269969666
Visa_fechaalta	0.0206721450181515	0.0188258899489455	0.0283619817997978
chomebanking_trx	0.019409571011967	0.0113293963599718	0.0233569261880688
Master_Fvencimiento	0.0190844337259996	0.0212591037804448	0.0274519716885743
mcuenta_corriente	0.0190445658652126	0.0270434450884556	0.0229524772497472
numero_de_cliente	0.0186060987734255	0.0220552873492806	0.0277553083923155
ctarjeta_visa_trx	0.0173809337912817	0.0108797976672524	0.0120829120323559
mrentabilidad	0.0161341264165162	0.0165545654058829	0.0225480283114257
mcomisiones_otras	0.0156781377612833	0.0129077242741739	0.0226996966632963
Visa_mpagospesos	0.015410246061632	0.0124834746302278	0.0232558139534884
Visa_mconsumospesos	0.0131872975697093	0.012134357824792	0.020525783619818
Master_mfinanciacion_limite	0.0128871851908572	0.0117096104511507	0.0193629929221436
mcomisiones	0.0127978302129756	0.0106778276130837	0.0186552072800809
mautoservicio	0.0120191766969789	0.0173798878023131	0.0178463094034378
Visa_mfinanciacion_limite	0.0119746516714142	0.0119457372056567	0.0174418604651163
Visa_mpagominimo	0.0118205022212143	0.0112712052664692	0.0169362992922144
Master_mlimitecompra	0.0106716659887294	0.0101811041974232	0.0156218402426694
mcaja_ahorro_dolares	0.010630527588307	0.0174006869524591	0.0163296258847321
mtransferencias_recibidas	0.0104708369120825	0.00922834406363716	0.0173407482305359
mtransferencias_emitidas	0.00921879770792707	0.0115827624152816	0.0141051567239636
mextraccion_autoservicio	0.00878276186629499	0.0123481300238543	0.0070778564206269
mcomisiones_mantenimiento	0.00839208353508459	0.0114783717268585	0.00778564206268959
Visa_msaldototal	0.00789150393432839	0.00836511035373363	0.0130940343781598
Master_status	0.00773755758648258	0.00620154158464248	0.00161779575328615
ccomisiones_otras	0.00719046613954215	0.0108203081484578	0.0122345803842265
Visa_mlimitecompra	0.00701217052010924	0.0110047656915008	0.0115267947421638
mtarjeta_visa_debitos_automaticos	0.00658786074305884	0.00813748557983749	0.0107684529828109
Visa_cconsumos	0.00622806501262822	0.00480232873441735	0.00864509605662285
Visa_mconsumototal	0.00586314902453518	0.00383046010841754	0.00864509605662285
cproductos	0.00569201332455323	0.0043672264190724	0.0051061678463094
Visa_mpagado	0.00561529280816376	0.0112968302306172	0.00813953488372093
mpagomiscuentas	0.00541674615108336	0.0124186859132103	0.00935288169868554
Master_mpagospesos	0.00539247947016814	0.016351553906428	0.00935288169868554
ccomisiones_mantenimiento	0.00526296973142125	0.00950772731573515	0.00455005055611729
ctransferencias_emitidas	0.00491052753836428	0.0130157316180457	0.00733063700707786
thomebanking	0.00472644058452623	0.00265315625575111	0.0031850353892821
ctransferencias_recibidas	0.00453515866254616	0.0101009994720657	0.00728008088978766
mcuenta_debitos_automaticos	0.00436183447901007	0.0106847038570259	0.00722952477249747
Master_msaldopesos	0.00402364469482402	0.00848768440634992	0.00591506572295248
ccallcenter_trx	0.00342277835190639	0.00846685820567698	0.00293225480283114
ctarjeta_visa_debitos_automaticos	0.00327184960995694	0.00332308419525735	0.00490394337714864
ccaja_ahorro	0.00317649249631141	0.00657070553557601	0.00394337714863499
Master_mpagominimo	0.00313220012877018	0.00389528399112	0.00399393326592518
cprestamos_personales	0.00303365723938152	0.00669810810724688	0.00247724974721941
ctarjeta_debito	0.00295712553665097	0.00339178712351963	0.00444893832153691
ctarjeta_debito_trx	0.00274274926006829	0.00509348167077666	0.0070778564206269
Master_msaldototal	0.00272815279891188	0.00283203868519659	0.0038422649140546
Master_mconsumospesos	0.00270847345302054	0.00343270916063876	0.00404448938321537
ccuenta_debitos_automaticos	0.00228264752215661	0.00709913757888793	0.00338725985844287
Visa_mconsumosdolares	0.0022671407310812	0.00277548144351977	0.00409504550050556
cmobile_app_trx	0.00221621482591943	0.00125802262498497	0.00328614762386249
cpagomiscuentas	0.00217116705301517	0.00619820895972638	0.0038422649140546
Master_fultimo_cierre	0.00203522732126777	0.00268490545919289	0.00333670374115268
ccajas_otras	0.00200919712234954	0.00881490922035226	0.0012639029322548
tcallcenter	0.00196406248762662	0.00144947002418312	0.00101112234580384
mdescubierto_preacordado	0.00189210093242503	0.00375238146752603	0.00151668351870576
mplazo_fijo_dolares	0.00189099486491855	0.0125630275248363	0.00252780586450961
Visa_fultimo_cierre	0.00164427971100083	0.00130343775462492	0.00237613751263903
matm	0.00164292736140964	0.00569411157042846	0.00364004044489383
mcheques_emitidos	0.00155125994575431	0.00520840853943369	0.000758341759352882
ccajas_consultas	0.00153661368883676	0.00438783621553001	0.00121334681496461
ctarjeta_master	0.0014212107172298	0.000176796833820222	0.000455005055611729
Master_mconsumototal	0.00131670513588445	0.0020867993737024	0.00227502527805865
Visa_mpagosdolares	0.00125450702734606	0.00426090161797479	0.00262891809908999
cseguro_accidentes_personales	0.00120290314370336	0.00348554965991726	0.0019211324570273
cextraccion_autoservicio	0.00119809846319238	0.00702338798836392	0.00247724974721941
Visa_Finiciomora	0.00117193286633393	0.00215354925392131	0.000910010111223458
ccaja_seguridad	0.00107343502975804	0.00405020235877024	0.0012639029322548
tpaquete9	0.000869551789342195	0.00403462937042447	0.00111223458038423
mtarjeta_visa_descuentos	0.000827971561800889	0.0118477493769547	0.00313447927199191
mtarjeta_master_consumo	0.000821783593339192	0.00437862010100959	0.00202224469160768
tpaquete7	0.000808351188515101	0.00472252697496127	0.00116279069767442
Visa_msaldodolares	0.000787473231715686	0.0022531168333952	0.00161779575328615
catm_trx	0.000775224401040635	0.00650494840969492	0.00182002022244692
cplazo_fijo	0.000766455898767736	0.00347633084034415	0.000657229524772497
Visa_status	0.000762936056482206	0.00197495897016653	0.000606673407482305
Master_mpagado	0.000746297414029874	0.00559898027736885	0.00151668351870576
cinversion1	0.000708754502928183	0.00484123550728121	0.000758341759352882
matm_other	0.000703130283904462	0.00266284034438718	0.00136501516683519
active_quarter	0.000699216501455478	0.000577260949448717	0.000758341759352882
Master_msaldodolares	0.000688620441587691	0.00574192067170051	0.00096056622851365
internet	0.000665121077979431	0.00319752917457487	0.00101112234580384
Visa_delinquency	0.00061258565173527	0.00126770941867374	0.00070778564206269
Master_cconsumos	0.000575331816374821	0.00134227149106611	0.00131445904954499
mttarjeta_master_debitos_automaticos	0.000536763905761875	0.00203909847453801	0.00121334681496461
tmobile_app	0.000409674771670846	0.00360366037559235	0.000758341759352882
minversion2	0.000401230020841046	0.00573177401905416	0.000808897876643074
catm_trx_other	0.000392523133438754	0.00235318214256436	0.000910010111223458
ctarjeta_master_trx	0.000309321807707919	0.00288564200933413	0.000859453993933266
mforex_sell	0.000302900954177131	0.00452717618472909	0.00101112234580384
ccajas_trx	0.000247524900312578	0.000459247615670528	0.000252780586450961
mcaja_ahorro_adicional	0.000247174726055829	0.00202168875541462	0.000455005055611729
ccajas_extracciones	0.000228641326582396	0.00100196233719431	0.000404448938321537
ccajeros_propios_descuentos	0.000211614074411716	0.00569945404949445	0.000758341759352882
ctarjeta_visa_descuentos	0.000199299899897432	0.000881000495982231	0.00070778564206269
cseguro_auto	0.000191952271853303	0.00502984260115313	0.000657229524772497
tpaquete1	0.000158912182502143	0.00311918543851958	0.000404448938321537
ccheques_depositados	0.000151890487779386	0.00402757729805736	0.000556117290192113
minversion1_pesos	0.000137834842863553	0.00235850027615612	0.000303336703741153
Master_mconsumosdolares	0.000104707467877707	3.90474356038267e-05	0.000252780586450961
ctarjeta_master_debitos_automaticos	0.000100942168069086	0.000714353019861043	0.000202224469160768
Master_madelantopesos	9.85415755759925e-05	4.15901851339685e-05	0.000202224469160768
Master_mpagosdolares	8.76058184679397e-05	0.000562688830598851	0.000556117290192113
cseguro_vivienda	8.69381090535399e-05	0.000383822631469524	0.000202224469160768
cseguro_vida	8.23191521948349e-05	0.000304816157504788	0.000202224469160768
mprestamos_prendarios	6.98897069575115e-05	0.00114442664225223	0.000151668351870576
cforex	6.84006511563455e-05	0.000362071302776045	0.000151668351870576
mcajeros_propios_descuentos	5.57343385058982e-05	5.19613571537172e-05	0.000151668351870576
mcheques_depositados	4.49560004763649e-05	0.00163586438495328	0.000202224469160768
ccajas_depositos	3.9290784028422e-05	0.00084783384493003	0.000151668351870576
cinversion2	3.07000124924116e-05	0.000379237567157194	5.05561172901921e-05
Master_madelantodolares	2.35365147102014e-05	9.84098169218715e-06	5.05561172901921e-05
Visa_madelantopesos	2.33664904030432e-05	5.54265296517083e-06	5.05561172901921e-05
Master_delinquency	1.75986659419886e-05	0.000163926193113398	0.000101112234580384
ctarjeta_visa	4.075451410929e-10	0.00028257250922143	0.000202224469160768
