Feature	Gain	Cover	Frequency
ctrx_quarter_normalizado	0.181631773272278	0.00826089998004217	0.00351384869780901
mcuentas_saldo	0.0328277847474914	0.00851633407944425	0.00902025630425796
ctrx_quarter	0.0307174046744538	0.00222766980261662	0.0030549813972716
mcaja_ahorro	0.0300317504988523	0.0047854296818744	0.00605622157916494
mtarjeta_visa_consumo	0.0253401901662762	0.00737965719003649	0.00622157916494419
saldocuentas	0.0188705845087117	0.0052601873474841	0.00975196362133113
foto_mes	0.0161736413090294	0.0177904815892467	0.013840429929723
cpayroll_trx	0.0158581647250639	0.00580426650794619	0.00190988011575031
mprestamos_personales	0.0137797105842463	0.00776081505506176	0.00381976023150062
mpasivos_margen	0.0132444080649747	0.00469204100882521	0.00453493178999587
mdescubierto_preacordado_delta1	0.0129929692556686	0.00370908385649321	0.000979743695742042
mpayroll	0.012447229974389	0.00644483667547619	0.00236461347664324
mdescubierto_preacordado	0.0108362222454596	0.000997416927009918	0.000711037618850765
mcuenta_corriente	0.010822908040551	0.00444569638007567	0.00602728400165358
mprestamos_personales_mean6	0.0100646828112888	0.00336480851099414	0.00207110376188508
Visa_status_mean6	0.00959499009912206	0.000772565321494183	0.000334849111202976
cproductos_delta1	0.00671084129725853	0.00399078344201815	0.00102521703183134
mdescubierto_preacordado_mean6	0.00663448622272757	0.00183400844463937	0.00161223646134766
ctarjeta_visa_trx	0.00607296799132383	0.00385807755872557	0.00477883422902026
mv_status01	0.00606123726774893	0.000643613966189415	0.000231500620090947
cprestamos_personales_mean6	0.00566565660847594	0.00305944743233351	0.00206283588259611
Visa_Finiciomora	0.00561707185104756	0.00280746475782455	0.000657296403472509
mv_status05_mean6	0.0052390768190206	9.1286263051926e-05	0.000194295163290616
mcuenta_corriente_mean6	0.00507207414399944	0.00565260423371659	0.00894997933030178
mv_status07	0.00498620419655236	6.64047529438022e-05	7.85448532451426e-05
mv_Finiciomora_lag1	0.0049339850152544	0.00353356867349998	0.00114510128152129
mactivos_margen	0.00489507785536737	0.004650653768144	0.00642000826787929
Visa_Finiciomora_mean6	0.00483582757802371	0.00163139691362673	0.00076477883422902
mactivos_margen_mean6	0.00480143734481877	0.00332966800376071	0.00560975609756098
Master_status	0.00474126013136198	0.000409183714526189	0.000190161223646135
mpayroll_sobre_edad	0.00473080777081107	0.00374213658256619	0.00204630012401819
mrentabilidad_annual_delta1	0.004639884807004	0.00416906557643643	0.00859859446052088
saldocuentas_mean6	0.00444905465616774	0.00479613056592918	0.00990078544853245
numero_de_cliente	0.00421327202451513	0.00503151981689258	0.00981810665564283
mcaja_ahorro_dolares_delta1	0.00408688128383899	0.00478666991105636	0.00343116990491939
ccaja_ahorro	0.0040488850593969	0.00419191331801136	0.00170318313352625
ctrx_quarter_delta1	0.00404732950217856	0.00306517231054558	0.00591980157089706
cliente_edad_mean6	0.00393502365843891	0.00514958673726547	0.00868954113269946
mrentabilidad_annual_mean6	0.00389694005742332	0.00556182711822408	0.00680446465481604
mrentabilidad_mean6	0.00370982230983118	0.00260127970816593	0.00477056634973129
cliente_edad_lag1	0.0036608193853592	0.00579031175833744	0.00812732534105002
mcomisiones_mantenimiento	0.00365529337547658	0.00690882397505932	0.00412567176519223
mv_Finiciomora	0.00361779439646161	0.00545337496581869	0.00114510128152129
mprestamos_personales_delta1	0.00359611782268371	0.0110782141075495	0.00333608929309632
mautoservicio	0.00355928307423175	0.0033493203551047	0.00219098801157503
mcuentas_saldo_delta1	0.00347721857207978	0.00531811748118703	0.00570070276973956
ctrx_quarter_normalizado_delta1	0.00335330346918103	0.00220851485173601	0.00361719718892104
mv_status05_delta1	0.00334539550297571	0.000999705149250286	0.000289375775113683
mv_status02_mean6	0.00334126164617935	0.000930884056674581	0.000744109136006614
mv_status04_delta1	0.00328459064284001	0.00189585372335361	0.000392724266225713
mv_msaldopesos	0.0032573129925314	0.00104992518553502	0.00143447705663497
mv_msaldototal	0.00322536094350963	0.000567193583130371	0.00107482430756511
cproductos	0.00319629633929488	0.00432163003564653	0.00396444811905746
cliente_edad	0.00315499794383144	0.00443964124236462	0.00693675072343944
mcaja_ahorro_mean6	0.00314757012408097	0.00339001813930776	0.00578338156262919
mv_status04	0.00312278453190789	0.000669610349756206	0.00020669698222406
ccomisiones_mantenimiento_mean6	0.00309252242564141	0.00421983668560631	0.00419594873914841
saldocuentas_lag1	0.00291321305051138	0.00256641744901308	0.00641587432823481
thomebanking_mean6	0.00287220440484361	0.00246877144424877	0.00370814386109963
mtransferencias_emitidas_mean6	0.00278969225141637	0.00393301494595524	0.00594047126911947
mcuenta_corriente_lag1	0.00278332492240239	0.00318993813750929	0.00443571723852832
ctransferencias_recibidas_mean6	0.00276502542335236	0.00311194898680892	0.00602728400165358
Visa_status	0.00276105719135519	0.000234006315577274	0.000124018189334436
ccomisiones_otras_mean6	0.00270985069004446	0.00855236680563803	0.0059570070276974
mrentabilidad_annual	0.00263737493966386	0.00422748294446171	0.00503927242662257
mtransferencias_recibidas	0.00260358144980729	0.00322617114468628	0.00322447292269533
mcuenta_corriente_delta1	0.00251052983448761	0.00373638170623324	0.00420008267879289
chomebanking_trx_mean6	0.00250227977623553	0.00391790267712691	0.00550227366680447
mrentabilidad_annual_lag1	0.00248718001393639	0.00377525843039337	0.00581645307978504
mtarjeta_visa_debitos_automaticos_mean6	0.00248422674390055	0.00328280809722067	0.00388176932616784
mcomisiones_mean6	0.00243951937824323	0.00205029921883633	0.00400165357585779
Master_fechaalta_mean6	0.00242032758664971	0.00299454852902432	0.00570483670938404
mrentabilidad	0.00238312436256976	0.00216575021901722	0.0047044233154196
chomebanking_trx_delta1	0.00237498019287498	0.00461144630419476	0.00418768085985945
Master_Fvencimiento	0.00234561297657208	0.00270569166001804	0.00556428276147168
mtransferencias_recibidas_mean6	0.00233787655338012	0.00306532506281824	0.00531211244315833
Master_fultimo_cierre_mean6	0.00232352506100475	0.00287389960894968	0.00509714758164531
Visa_cconsumos_mean6	0.00227629983510182	0.00239731061709557	0.00403059115336916
ccomisiones_mantenimiento	0.00226778522324089	0.00419255620635923	0.00134353038445639
mpasivos_margen_mean6	0.00226218033712175	0.00204461636601043	0.00442331541959487
ccomisiones_mantenimiento_delta1	0.0022433655349632	0.00176826989412671	0.000876395204630012
mcomisiones_mantenimiento_mean6	0.0022305427021073	0.00165082212776455	0.00355932203389831
mv_status02	0.00220512300645092	0.000512932505784628	0.000227366680446466
cproductos_mean6	0.00219257536771636	0.00331539954465028	0.00519222819346838
Master_Fvencimiento_mean6	0.00218786501526498	0.00226029503045187	0.00526250516742456
mcaja_ahorro_dolares_mean6	0.00218226784392376	0.00198343030550839	0.00423315419594874
mv_status07_delta1	0.00217188443418405	0.000229267613081768	6.61430343116991e-05
Master_fechaalta	0.00216382515495736	0.00408434511957371	0.00547747002893758
Visa_fultimo_cierre_mean6	0.00215902971591811	0.00271002908011195	0.00483670938404299
mcuenta_debitos_automaticos	0.00215333471900397	0.00505976814078302	0.00277387350144688
mcuentas_saldo_lag1	0.00214604848569928	0.00478783993783135	0.00497726333195535
mcomisiones_otras_mean6	0.00214021091050167	0.00264219954650465	0.00362959900785449
mcuentas_saldo_mean6	0.00213359614157762	0.00225489895085631	0.00446878875568417
saldocuentas_delta1	0.00208642231850614	0.00191135174520276	0.00541132699462588
cpayroll_trx_mean6	0.00206852919786626	0.00244455957865104	0.00135179826374535
Visa_Fvencimiento	0.00205924186847864	0.00249149821274782	0.00458867300537412
Visa_Fvencimiento_mean6	0.00205704184580099	0.00175800741489798	0.00491938817693262
thomebanking	0.00202888150275051	0.0013655790617387	0.00128565522943365
cmobile_app_trx_mean6	0.00202029374858524	0.00249604926188806	0.00484084332368748
mv_fultimo_cierre_mean6	0.00201753956716528	0.00249834462844407	0.00457627118644068
Visa_fechaalta_mean6	0.0020017852372909	0.00208623294522757	0.00374948325754444
tcallcenter_mean6	0.00199559380234092	0.004646604602175	0.00313766019016122
chomebanking_trx	0.00198009806997706	0.00355414182106692	0.00420008267879289
cliente_antiguedad_mean6	0.0019663198457609	0.00316049565226496	0.00497726333195535
ctarjeta_visa_trx_mean6	0.00195606358947933	0.00202695089487592	0.00278214138073584
mactivos_margen_lag1	0.00195467966869114	0.00274991081136406	0.0050764778834229
mv_Fvencimiento	0.00194885710733605	0.00179101169170434	0.00436544026457214
Visa_mpagospesos_mean6	0.00194408481008915	0.0027647633633059	0.00393964448119057
Master_Fvencimiento_lag1	0.00193799467972756	0.00177012493469617	0.00476643241008681
mv_Fvencimiento_mean6	0.00192637732183809	0.00163693311786701	0.0046589499793303
ctarjeta_visa_debitos_automaticos_mean6	0.00192025530391915	0.00433256642196054	0.00391484084332369
mcaja_ahorro_lag1	0.00183712641465909	0.00347003733629284	0.00444811905746176
mrentabilidad_lag1	0.00180778891324063	0.00169827375174177	0.00461761058288549
cliente_antiguedad_lag1	0.00180117595098609	0.00212027384822597	0.00430343116990492
mprestamos_personales_lag1	0.0018002897030194	0.00247547611432112	0.00103761885076478
Visa_Fvencimiento_lag1	0.00179248009179677	0.00178206276595038	0.00408019842910293
mcaja_ahorro_delta1	0.00177355300938745	0.00489009110442361	0.00369987598181067
ctrx_quarter_normalizado_mean6	0.00176987057213333	0.00154099542503817	0.00237701529557668
Visa_Finiciomora_lag1	0.00175883448652025	0.00161485630198312	0.000359652749069864
mactivos_margen_delta1	0.001731525799056	0.00194856930711713	0.00422902025630426
Master_fechaalta_lag1	0.00170302967091573	0.00218493326687029	0.00430343116990492
mv_mpagominimo	0.00168977711342595	0.00313892470195795	0.00271599834642414
Visa_mpagominimo_mean6	0.00166742428049488	0.00183153727188457	0.00311285655229434
mpasivos_margen_lag1	0.00165346505035477	0.00224290638653964	0.00439851178172799
Visa_fechaalta	0.00163483499409095	0.00146699194194951	0.00380735841256718
mv_msaldototal_mean6	0.00160787215444593	0.00312808273267819	0.00149235221165771
chomebanking_trx_lag1	0.001593742273506	0.00121744708004358	0.00411740388590327
mv_status06_delta1	0.00159016621446169	0.000102548946471366	4.13393964448119e-05
Visa_mconsumospesos_mean6	0.00158278429337246	0.00252309377859787	0.00348491112029764
mrentabilidad_delta1	0.00157631245937087	0.00164200594219461	0.00391070690367921
ctransferencias_emitidas_mean6	0.00157579266939374	0.00206706106411996	0.00334849111202976
mcomisiones	0.00156818369059285	0.00259408960485921	0.00306738321620504
mvr_mpagospesos	0.00156590201036581	0.00148845746857351	0.00178586192641587
cliente_antiguedad	0.00154888934900406	0.00185640701488457	0.00373294749896652
mvr_msaldopesos2_mean6	0.00153769426556873	0.00175941182325523	0.00461761058288549
ctarjeta_debito_mean6	0.00153352988151616	0.0017582330511975	0.00348077718065316
tcallcenter	0.00153329557702304	0.000729609993582653	0.000657296403472509
ccallcenter_trx_mean6	0.00152992854551861	0.00327777617760228	0.00400992145514676
ccaja_ahorro_mean6	0.00152612353003414	0.00198949809085947	0.00150062009094667
mv_mpagospesos_mean6	0.00150840068282042	0.00210693020776831	0.00231500620090947
mcomisiones_otras	0.00150150076403216	0.00352940589890372	0.00315006200909467
Visa_mconsumosdolares_mean6	0.00148644322112777	0.00140396949214464	0.00348077718065316
mv_Fvencimiento_lag1	0.00148334896697829	0.00128082756612649	0.00344357172385283
Visa_mfinanciacion_limite	0.0014736075374812	0.00151247757833781	0.00296816866473749
mpayroll_mean6	0.00146586725129225	0.00202174018725752	0.00188094253823894
ccajas_trx_mean6	0.00145936907804849	0.00360785334644626	0.0045721372467962
mpagomiscuentas	0.00143779586168298	0.0038999424079145	0.00183960314179413
mv_fechaalta	0.00141445287330152	0.00147066948343229	0.00317073170731707
mcaja_ahorro_dolares_lag1	0.00141323850716654	0.0017632048545016	0.00300537412153783
cprestamos_personales	0.0014114071383367	0.00107591386444768	0.000682100041339397
ctarjeta_debito_trx_mean6	0.00139127146163702	0.00341153351604459	0.00368747416287722
mvr_msaldopesos2	0.00138048257715283	0.00132164930520664	0.00277800744109136
mcaja_ahorro_dolares	0.00137838050155538	0.00382000922288644	0.00308805291442745
mv_cconsumos_mean6	0.00137322358581142	0.00217510799174229	0.00284001653575858
Visa_mconsumospesos	0.0013698368880172	0.00140324289322995	0.00308391897478297
Visa_mpagospesos	0.00135807695299805	0.00268615651947727	0.00329888383629599
Master_mfinanciacion_limite	0.00134744490131844	0.0033192977594346	0.00318313352625052
mpasivos_margen_delta1	0.00134652135961785	0.00202921536276706	0.00350144687887557
Visa_fechaalta_lag1	0.00134511965384731	0.00174682568037713	0.00284415047540306
mv_fechaalta_mean6	0.00133580939437209	0.00173752031931223	0.00321620504340637
ctrx_quarter_lag1	0.00133105604151786	0.0010206371335788	0.00275733774286895
mv_mpagospesos	0.00131846139186894	0.000532114853214598	0.0010541546093427
Visa_mpagominimo	0.00129069116093241	0.00128921551301142	0.00302190988011575
mvr_mpagominimo	0.00126725357483586	0.0039544297619466	0.00315419594873915
mv_mpagominimo_mean6	0.00126142047168507	0.00151572499999924	0.0025051674245556
ccallcenter_trx	0.00125671868928946	0.00479688468146576	0.00140553947912361
mvr_mpagominimo_mean6	0.0012533432862604	0.001841245256161	0.00309218685407193
mautoservicio_mean6	0.00123986807681929	0.00187206219166588	0.00324927656056222
cmobile_app_trx_lag1	0.00122809195263399	0.00185534347243329	0.00316246382802811
tmobile_app_mean6	0.00122167560750821	0.000906288559337437	0.00284001653575858
mvr_mconsumospesos_mean6	0.00121722703871925	0.00170799388335601	0.00295163290615957
mv_fechaalta_lag1	0.00120672231377889	0.00135940783390139	0.00300950806118231
Visa_mlimitecompra_mean6	0.0012030307253983	0.00119599550184537	0.00226539892517569
ctrx_quarter_mean6	0.00119666382567505	0.0016907156061127	0.00233154195948739
mv_Finiciomora_mean6	0.00119340988061718	0.00215397206421835	0.00122364613476643
Master_mfinanciacion_limite_mean6	0.00116822409896061	0.00141679594018325	0.00277800744109136
Visa_msaldototal	0.00116405772084313	0.001300391544087	0.00190988011575031
Visa_mpagospesos_lag1	0.00116028136829162	0.00182373974165107	0.00292682926829268
cplazo_fijo	0.00115553836979792	0.00218781180570165	0.000479536998759818
ccaja_ahorro_delta1	0.0011518177148774	0.00486210147680315	0.00062422488631666
ccaja_seguridad	0.00114482703232758	0.00381000495963756	0.000793716411740389
mcomisiones_mantenimiento_lag1	0.00113759423724124	0.00468637428574276	0.00239355105415461
mcuenta_debitos_automaticos_mean6	0.00112770422198531	0.0025285535566716	0.00266225713104589
mcomisiones_otras_lag1	0.00112086399147722	0.000821203422183261	0.00282348077718065
cextraccion_autoservicio_mean6	0.00111148716816333	0.0018724309944476	0.00294336502687061
mtransferencias_emitidas	0.0011075914402713	0.0042942540787245	0.00364200082678793
mtransferencias_recibidas_lag1	0.00110755479106661	0.00200697150597921	0.00286482017362547
mv_mlimitecompra_mean6	0.00110406575050107	0.000826131298952772	0.00164117403885903
mv_status01_mean6	0.00110367280308642	0.000966991067741434	0.000872261264985531
Visa_mpagominimo_lag1	0.00109414104897072	0.0010441903613149	0.00242248863166598
ccajas_consultas_mean6	0.00108178866317517	0.00341872455991948	0.00260438197602315
Visa_mfinanciacion_limite_mean6	0.0010711950312542	0.00116757811583002	0.00230260438197602
Visa_msaldopesos	0.00106469191154399	0.00180165774263622	0.00229433650268706
mvr_Master_mlimitecompra_mean6	0.00106398869957458	0.00235691553574542	0.00264572137246796
Visa_mlimitecompra	0.00105634115029414	0.00106970709514094	0.00210830921868541
mvr_Visa_mlimitecompra_mean6	0.00105315555169273	0.00122887094082501	0.00243075651095494
cprestamos_personales_delta1	0.0010450292655062	0.00114813505090913	0.000334849111202976
Visa_mpagospesos_delta1	0.00101758524051508	0.00135697870654484	0.00281934683753617
Visa_mconsumospesos_lag1	0.00100657386124136	0.000978324133676654	0.00240181893344357
mpagomiscuentas_mean6	0.00100265209638974	0.0012605939036314	0.00249276560562216
mcomisiones_lag1	0.00100216849061914	0.00083002485092043	0.00256717651922282
ccajas_extracciones_mean6	0.000995023722756597	0.00436360615204835	0.00233154195948739
ccomisiones_otras_lag1	0.000989091953502396	0.00136934175465867	0.00265398925175692
ccuenta_debitos_automaticos_mean6	0.000988977015771893	0.00342205457147076	0.00239768499379909
Master_mpagospesos_mean6	0.000987525698550539	0.00258258211355932	0.00266639107069037
ctarjeta_visa_trx_lag1	0.000972727654618323	0.00288350363042558	0.00260024803637867
ctrx_quarter_normalizado_lag1	0.00096441545555568	0.0010138826534178	0.00218685407193055
Visa_msaldopesos_lag1	0.000952501541992831	0.00133609435098731	0.00152955766845804
mvr_mpagominimo_lag1	0.000952222682783538	0.00135657280135076	0.00206283588259611
mvr_Master_mlimitecompra	0.000949658516918049	0.0024603640055895	0.00217445225299711
mvr_mpagospesos_mean6	0.000947246633300391	0.0012086258514273	0.00216205043406366
mtarjeta_visa_debitos_automaticos	0.000944147411414642	0.00265676524516779	0.00211244315832989
internet_mean6	0.000935564230505251	0.00137527323767396	0.00183133526250517
Master_fultimo_cierre_lag1	0.000935335919429198	0.00178714847806307	0.00243075651095494
ccallcenter_trx_delta1	0.000931817922100626	0.00127714498159737	0.000582885489871848
Visa_cconsumos	0.000928687548950769	0.00136626015316379	0.00214551467548574
internet	0.000921718176414876	0.000615797823365454	0.00130219098801158
Master_fultimo_cierre	0.00092149452044892	0.000940439128581643	0.00241422075237702
cpagomiscuentas_mean6	0.00092055197670863	0.00183947066418791	0.00239768499379909
Master_cconsumos_mean6	0.000917395724372684	0.00223329964341969	0.00229433650268706
mtarjeta_visa_debitos_automaticos_lag1	0.000902082659924937	0.00346265731826483	0.00216618437370814
mforex_sell_mean6	0.000893056543325527	0.00238526165871309	0.0018892104175279
mv_mfinanciacion_limite_mean6	0.000891438950831229	0.000841395219388893	0.00185200496072757
Master_mfinanciacion_limite_lag1	0.000889799826636394	0.00296693907105193	0.00210417527904093
Visa_mpagado_mean6	0.000885817327249823	0.00140440909769601	0.00171558495245969
Visa_mpagominimo_delta1	0.000879657270768889	0.00114307387361712	0.0019346837536172
mvr_Visa_mlimitecompra	0.000876418565714854	0.00172242614141204	0.00201322860686234
Master_mlimitecompra	0.000876014475817994	0.000797962423054274	0.00195948739148408
Master_mlimitecompra_mean6	0.000875610729715953	0.0009151179328738	0.00201322860686234
tpaquete7_mean6	0.000873460669310297	0.0040123305179034	0.000682100041339397
Master_mconsumospesos_mean6	0.000873341435632283	0.00283666721807762	0.0024390243902439
Visa_cconsumos_lag1	0.000866678767964449	0.00128047849526417	0.00215791649441918
mvr_msaldopesos_lag1	0.000858659872212086	0.00122398548968343	0.00131045886730054
mcomisiones_delta1	0.000854398913157506	0.00236062643737997	0.00226953286482017
Visa_msaldopesos_mean6	0.000848066342169265	0.00126187579798193	0.00190988011575031
Visa_delinquency_mean6	0.000844116868650971	0.00162977219218553	0.000702769739561802
mvr_msaldopesos2_lag1	0.000836613306463783	0.000864833857905384	0.00231914014055395
mvr_msaldototal_lag1	0.000833217059379717	0.000729284957238807	0.00113683340223233
Visa_msaldototal_mean6	0.000831921605677934	0.00239306637328642	0.00198842496899545
Visa_mfinanciacion_limite_lag1	0.000830942702712991	0.000888767835640128	0.00177759404712691
mextraccion_autoservicio_mean6	0.000828062697729911	0.00233306136622021	0.00232740801984291
matm_mean6	0.00082494135007052	0.00113729104039632	0.002087639520463
mvr_mconsumosdolares_mean6	0.000823405575635129	0.00124408855328799	0.00220752377015296
Visa_fultimo_cierre	0.000818715806974231	0.00074860300664191	0.0020008267879289
ccomisiones_otras	0.000817791920386309	0.00108608350759717	0.00186027284001654
ccaja_seguridad_mean6	0.000807081708575718	0.00029476203612499	0.000210830921868541
mtarjeta_visa_consumo_lag1	0.000785779820727659	0.00205094462870737	0.00197602315006201
mv_fultimo_cierre	0.000785190391980603	0.000838962009566259	0.00209177346010748
mcomisiones_otras_delta1	0.00078195004939664	0.00196017677881191	0.0022199255890864
mtarjeta_master_consumo	0.000779322941997624	0.00159004911677224	0.000773046713517983
mtransferencias_emitidas_lag1	0.000764592426778901	0.00104301927389921	0.00191814799503927
mtarjeta_visa_consumo_mean6	0.00076054390032109	0.00125075466006551	0.00136420008267879
catm_trx_mean6	0.000760379465943258	0.0010561185067182	0.00193054981397272
Master_mpagominimo_mean6	0.000757069574422367	0.000789961249806673	0.00181479950392724
mv_mfinanciacion_limite	0.000742759791002196	0.000722310344102663	0.00161223646134766
cmobile_app_trx	0.000735611193516168	0.00106841187273936	0.00186440677966102
mv_status07_mean6	0.000733783893678146	6.22024344603701e-05	0.000157089706490285
mvr_msaldopesos	0.000721570706665057	0.00156902863898772	0.00155849524596941
cproductos_lag1	0.000721291666592367	0.00149476896114017	0.00179412980570484
Visa_mconsumospesos_delta1	0.000721078970426936	0.0010492444943517	0.0020008267879289
mvr_msaldototal	0.00071286614014912	0.000747380648255107	0.00124844977263332
Visa_mconsumosdolares	0.000709751516264761	0.00163976410797573	0.00172385283174866
Visa_mlimitecompra_lag1	0.000708887914245899	0.000689129500638149	0.00145928069450186
mvr_Visa_mlimitecompra_lag1	0.00070508192948322	0.000815376162125662	0.00159570070276974
mv_mconsumosdolares_mean6	0.000703166941963753	0.00204759782701371	0.00187267465894998
mvr_Master_mlimitecompra_lag1	0.000702593077818909	0.00235239754657563	0.00169078131459281
Visa_delinquency	0.000693394903078933	0.000119596384272113	0.000128152128978917
mv_fultimo_cierre_lag1	0.00068642476803177	0.000959111948222507	0.00194708557255064
mvr_mpagospesos_lag1	0.000677785284857364	0.00133946712837204	0.00174865646961554
mtransferencias_recibidas_delta1	0.000677758294766193	0.00253201340665404	0.00199255890863993
Visa_mconsumosdolares_lag1	0.000662627236846708	0.000939738765515174	0.00165770979743696
mvr_mconsumospesos	0.000648631128341011	0.000984168363985428	0.00156262918561389
Master_msaldopesos_mean6	0.000645630727745223	0.000485773339818943	0.00131459280694502
Master_mlimitecompra_lag1	0.00064531400607098	0.000865980250403674	0.00144687887556842
mv_mconsumospesos_mean6	0.000636490514876304	0.00107464101556122	0.00157089706490285
mvr_msaldopesos_mean6	0.000626783146662423	0.00083570228047031	0.00153369160810252
mvr_mpagominimo_delta1	0.000625908931356002	0.000963401259255299	0.00131459280694502
mv_msaldopesos_mean6	0.000618033232374043	0.000837690941755682	0.00132699462587846
mcomisiones_mantenimiento_delta1	0.000618009556573564	0.00811121383953044	0.00140140553947912
mv_mlimitecompra	0.000615730913481496	0.000532013852203184	0.00116990491938818
mprestamos_prendarios	0.000605922431637883	0.00712911210392776	0.000897064902852418
mpayroll_sobre_edad_mean6	0.000601964321330146	0.00186644377776542	0.00157503100454733
ctransferencias_recibidas	0.00060022983876404	0.00267252380439906	0.00155436130632493
mvr_msaldodolares2_mean6	0.000597315804573299	0.00237551337009012	0.00155849524596941
mv_mpagominimo_lag1	0.000593738213219225	0.000796272162022755	0.00149648615130219
mv_mpagominimo_delta1	0.000591722203698396	0.00205592257572268	0.00127325341050021
mpayroll_delta1	0.000591017402613473	0.00404371041347407	0.00126498553121124
mvr_msaldototal_mean6	0.000588222625952619	0.000530524552565884	0.00150888797023563
mtransferencias_emitidas_delta1	0.000583591693745966	0.00148525841613035	0.00156262918561389
Visa_fultimo_cierre_lag1	0.000582018224887665	0.000675736930623736	0.00163290615957007
Master_msaldototal_mean6	0.000577332019220468	0.00062166884986093	0.00138900372054568
Visa_msaldototal_delta1	0.000567925836072783	0.00167431934166452	0.00148408433236875
cmobile_app_trx_delta1	0.000567828933258791	0.00178247487489194	0.00159156676312526
ccajas_depositos_mean6	0.000558769121364492	0.00385899463270003	0.0011202976436544
mpagomiscuentas_lag1	0.000557089544022301	0.00136050997967167	0.00140140553947912
mtarjeta_visa_debitos_automaticos_delta1	0.000555675009424664	0.00239078827716291	0.00131459280694502
Visa_cconsumos_delta1	0.000554119432719988	0.000986485983984022	0.00129392310872261
mvr_mpagado_mean6	0.000551950499507139	0.00136427271261583	0.00142620917734601
Master_status_mean6	0.000546262612556086	0.00116187046802628	0.000429929723026044
mpayroll_sobre_edad_delta1	0.000545320267401831	0.00314010881724335	0.00123191401405539
mvr_msaldopesos2_delta1	0.000536989228473613	0.000714839891446048	0.001537825547747
tmobile_app	0.000530009109434594	0.000298054925251832	0.00104588673005374
ctarjeta_visa_trx_delta1	0.000528911414420296	0.00245549882669372	0.00132699462587846
ccajas_consultas	0.000526568963474759	0.00360101543588768	0.00062422488631666
mv_cconsumos_lag1	0.000522078834518154	0.0016155693327017	0.00136006614303431
mautoservicio_lag1	0.000520879975244879	0.000850553611674743	0.00174865646961554
mvr_mconsumospesos_lag1	0.00051934579216064	0.000561180991119788	0.00124844977263332
Visa_msaldototal_lag1	0.000519285698771232	0.000535070038345479	0.00109549400578752
Master_mfinanciacion_limite_delta1	0.000516716490316881	0.00425271364550468	0.000863993385696569
mv_mpagospesos_lag1	0.000513488806096059	0.00094285614862456	0.00127738735014469
mcuenta_debitos_automaticos_lag1	0.00050766570000845	0.00134684386441751	0.00135179826374535
Master_mpagospesos_delta1	0.000505647461978615	0.00465057616126421	0.00145514675485738
Visa_mpagosdolares_mean6	0.000504220858660396	0.000587414718057963	0.00124018189334436
Master_mpagominimo	0.000488576646450988	0.00133388785811699	0.000979743695742042
mv_cconsumos	0.000488360003127593	0.00132573567364844	0.00118230673832162
Master_msaldototal	0.00048529552249244	0.000882629467652383	0.000876395204630012
mvr_mpagospesos_delta1	0.000481242495274085	0.0012149450086239	0.00124018189334436
mtarjeta_visa_consumo_delta1	0.000473705758294581	0.0019284058870532	0.00160810252170318
mv_mpagospesos_delta1	0.000472436586267001	0.00118037394537299	0.00117817279867714
ctransferencias_recibidas_lag1	0.00047240223000961	0.00143173536460191	0.00133939644481191
Visa_msaldopesos_delta1	0.000470771274818675	0.00116707098949155	0.00123191401405539
matm_other_mean6	0.000468285031625162	0.000743178349783763	0.00124018189334436
mv_cconsumos_delta1	0.000465564666003565	0.00303555944237848	0.00107895824720959
mv_mfinanciacion_limite_lag1	0.000458760441811756	0.000409480353716241	0.00104588673005374
ccajas_otras_mean6	0.000454851425380247	0.00329282144595781	0.000930136420008268
mpayroll_lag1	0.00044772266293265	0.00202100122087205	0.00122778007441091
Master_msaldopesos	0.000446433971735002	0.00173950763978767	0.0009011988424969
mv_mconsumospesos	0.000440490931760159	0.000859458430785314	0.00108309218685407
cforex_mean6	0.000440488869584425	0.000800874762303355	0.00100868127325341
Master_mpagospesos	0.000432214963998277	0.00172222423944965	0.00138073584125672
ctarjeta_visa_descuentos_mean6	0.000432141470366484	0.00489525424330728	0.000988011575031005
ctarjeta_master_trx_mean6	0.000431294950763452	0.00188021513659379	0.00116990491938818
ccomisiones_otras_delta1	0.000427024502225081	0.00049185817546955	0.00119470855725506
mv_mpagado_mean6	0.000424956000350832	0.00126518209520817	0.00104588673005374
cplazo_fijo_mean6	0.000423683601779822	0.00157051491679963	0.00034725093013642
cseguro_accidentes_personales_mean6	0.000420914554186187	0.00115693696785986	0.000959073997519636
ctarjeta_debito_trx	0.000418213076706492	0.000797932324872945	0.0011657709797437
catm_trx_other_mean6	0.000413316349890447	0.000777981513238831	0.0010541546093427
internet_delta1	0.000406700721876393	0.000470238335629975	0.000876395204630012
ccaja_ahorro_lag1	0.00040315268218483	0.000299682168216193	0.000372054568003307
mextraccion_autoservicio_lag1	0.000397715679618671	0.000786926516623411	0.00123604795369988
mvr_mconsumospesos_delta1	0.000396842012603066	0.0017715182763684	0.00119470855725506
ctarjeta_visa_debitos_automaticos_lag1	0.000396620683430045	0.00170869170488723	0.00102935097147582
mplazo_fijo_dolares	0.000392553798842772	0.00254196243653826	0.000549813972715998
cforex_sell_mean6	0.000388695943048093	0.0018012903407007	0.000988011575031005
tmobile_app_delta1	0.000382638815112703	0.000287294865450915	0.000843323687474163
mprestamos_hipotecarios_mean6	0.000379799597829085	0.00402465822466868	0.000446465481603969
mdescubierto_preacordado_lag1	0.000378096991049957	0.000386201571763883	0.000471269119470856
ctarjeta_debito	0.0003750346419048	0.000493707212412415	0.000897064902852418
ctarjeta_debito_trx_lag1	0.000371120763276094	0.00118017284389415	0.00126085159156676
Visa_mconsumototal_mean6	0.000364983975801573	0.00055695741979821	0.000839189747829682
Master_Finiciomora_mean6	0.00036151226572762	0.000881022436897558	0.000293509714758165
Master_mpagospesos_lag1	0.000360861346916743	0.00138851965940497	0.00139727159983464
mv_mlimitecompra_lag1	0.00035681598707903	0.000528152139468567	0.000843323687474163
mautoservicio_delta1	0.000354794737099891	0.000775312420927285	0.00104175279040926
mpayroll_sobre_edad_lag1	0.000353631595584033	0.00221004267464396	0.00125671765192228
minversion1_pesos	0.000345220989576959	0.00405664618755297	0.000438197602315006
mv_mfinanciacion_limite_delta1	0.000344695988486971	0.00158556744954335	0.000475403059115337
mplazo_fijo_dolares_mean6	0.000343111881037181	0.00171857261362168	0.00055394791236048
Master_mpagominimo_lag1	0.00033856490572919	0.000460495810488533	0.000793716411740389
Master_mpagominimo_delta1	0.000338062382852747	0.000734564806623486	0.000603555188094254
ctransferencias_emitidas	0.000336368754844264	0.00107295719842224	0.000880529144274494
internet_lag1	0.00033613484346129	0.000253563269294676	0.000748243075651096
mv_mconsumospesos_lag1	0.000335931186680758	0.000399583815540552	0.000863993385696569
tmobile_app_lag1	0.000330559375851847	0.000183233245222706	0.000785448532451426
mv_msaldopesos_lag1	0.000329130201364224	0.000583455846632952	0.000748243075651096
Visa_msaldodolares_mean6	0.000321781399316067	0.000870947250806494	0.000826787928896238
mcaja_ahorro_adicional_mean6	0.000317438270318046	0.0038729870850838	0.000632492765605622
ctarjeta_debito_trx_delta1	0.00031596413241345	0.00149139302184543	0.000822653989251757
thomebanking_lag1	0.000313237657182434	0.000286896905056029	0.000756510954940058
mextraccion_autoservicio	0.000308198191350806	0.000599097455218156	0.000785448532451426
mplazo_fijo_dolares_delta1	0.000305089409182774	0.0039175798621249	0.000512608515915668
mvr_msaldodolares_mean6	0.000299464812440583	0.00127520078717298	0.00113683340223233
Visa_mconsumosdolares_delta1	0.000296589155131524	0.000398784692816598	0.000810252170318313
Master_fultimo_cierre_delta1	0.000293746902162023	0.000275255813052315	0.000773046713517983
mvr_msaldototal_delta1	0.000293643093358462	0.000936760886675765	0.000855725506407607
mvr_mconsumosdolares_lag1	0.000286783239249432	0.000921918460850781	0.000752377015295577
cextraccion_autoservicio_lag1	0.000282984360264842	0.0026245258504017	0.000847457627118644
Master_mconsumosdolares_mean6	0.000278594733719187	0.000700701991201972	0.000793716411740389
Visa_mconsumototal	0.000275116435551498	0.000316346454567656	0.00062422488631666
Master_mpagosdolares_mean6	0.000274631627587063	0.003138156958189	0.000830921868540719
ctarjeta_debito_lag1	0.000274414532227639	0.000331404270502775	0.000661430343116991
ccuenta_debitos_automaticos	0.000273719303353352	0.000625683154771499	0.000620090946672179
Master_delinquency	0.000273167677243831	0.000449496906409583	0.000177759404712691
Master_msaldopesos_lag1	0.000272859240861599	0.000828002249132708	0.000702769739561802
Master_msaldototal_delta1	0.000269547279516914	0.00191825927781775	0.000632492765605622
Master_mconsumospesos	0.000267209092611978	0.000585720394572448	0.000756510954940058
mvr_mconsumototal_mean6	0.000266469740574119	0.000386977380404561	0.00059115336916081
mv_mconsumosdolares	0.000266030594313049	0.00148802654826862	0.000690367920628359
ctarjeta_visa_debitos_automaticos	0.000263849254745066	0.000480767936218004	0.000607689127738735
ctransferencias_emitidas_lag1	0.000260229171250097	0.00128531911932717	0.000760644894584539
mvr_msaldopesos_delta1	0.000259863896100947	0.000557934470002347	0.00069450186027284
mv_mconsumospesos_delta1	0.000258576522417691	0.000546539166471427	0.00072757337742869
mv_fultimo_cierre_delta1	0.000256657906255639	0.000353149766246981	0.000562215791649442
mvr_mconsumosdolares	0.000256514109997756	0.000441789530635447	0.000657296403472509
mtarjeta_master_consumo_mean6	0.000255309226521584	0.000383917211856625	0.000673832162050434
mv_msaldodolares_mean6	0.000251703215187217	0.000904103819607476	0.000690367920628359
mtarjeta_master_consumo_lag1	0.000250609981494059	0.000638257190335967	0.000628358825961141
ctarjeta_master_debitos_automaticos_mean6	0.000247842854368157	0.00154767475980629	0.000582885489871848
ccheques_depositados_mean6	0.000246358200603321	0.0015846803336656	0.000409260024803638
cliente_vip_delta1	0.000245406848205726	0.00017074498147019	0.000252170318313353
Master_mconsumospesos_lag1	0.000245254835956878	0.000494831291431861	0.000661430343116991
mv_msaldototal_delta1	0.000244654411967228	0.000801842987176398	0.000669698222405953
ctransferencias_emitidas_delta1	0.000243255902117921	0.00142335186040066	0.000665564282761472
mvr_mpagosdolares_mean6	0.000238929081077773	0.000816299199702534	0.000669698222405953
cextraccion_autoservicio	0.000237505908832795	0.000238106652456948	0.000467135179826375
Master_msaldototal_lag1	0.000235010236970262	0.000350360181149676	0.000620090946672179
catm_trx_lag1	0.000228267571716349	0.00215507553078648	0.000640760644894585
cseguro_vida_mean6	0.000226207667367574	0.00133958249806311	0.000529144274493592
mv_mconsumosdolares_lag1	0.000224971705439354	0.000378910127240239	0.000541546093427036
cpagomiscuentas	0.000224945840791061	0.00143992088921015	0.000686233980983878
matm_lag1	0.000223903662056644	0.000628968759498072	0.000715171558495246
ccallcenter_trx_lag1	0.000223761009096335	0.00127735704970079	0.000508474576271186
mv_msaldototal_lag1	0.000219621447529264	0.000347658549181986	0.000516742455560149
Visa_mpagado	0.000219305604387012	0.000508806173201798	0.000400992145514675
mv_msaldopesos_delta1	0.000219152200076565	0.000532808752376433	0.00055394791236048
tpaquete7	0.000218108647899713	0.000471920511777679	0.000115750310045473
mforex_buy_mean6	0.000216796202446333	0.00211783891736372	0.00055394791236048
ctarjeta_master	0.00021618061506452	3.96647201627939e-05	8.26787928896238e-05
ctransferencias_recibidas_delta1	0.000207840302378966	0.000331384098317417	0.000607689127738735
mcheques_depositados_mean6	0.000206033375122116	0.00136823826807845	0.000434063662670525
ctarjeta_debito_delta1	0.000203597514707862	0.00290385552434041	0.000363786688714345
Visa_mpagosdolares	0.000203597167435015	0.000266145990105618	0.000355518809425382
Master_msaldopesos_delta1	0.000203376602421781	0.000448675650315582	0.000479536998759818
Master_mlimitecompra_delta1	0.00019974851086504	0.0018535406634152	0.0004175279040926
Visa_mconsumototal_lag1	0.000198366504021654	0.000231096097609589	0.000496072757337743
mttarjeta_master_debitos_automaticos_mean6	0.000193189823106851	0.00104440841303282	0.000496072757337743
mextraccion_autoservicio_delta1	0.000192569214015561	0.000758634846548959	0.000582885489871848
mv_mpagosdolares_mean6	0.000186052681067669	0.000293598273133753	0.000491938817693262
Master_Fvencimiento_delta1	0.000180068539561955	0.00019356848840577	0.000458867300537412
ccaja_seguridad_lag1	0.000179964480480228	0.000125648460133601	7.02769739561802e-05
Visa_fultimo_cierre_delta1	0.000176692657872306	0.000119373429592468	0.000467135179826375
mvr_msaldodolares2_delta1	0.000172350852419049	0.00356732800641109	0.00059115336916081
active_quarter_mean6	0.000170958224098697	0.000417586550405075	0.000392724266225713
mtarjeta_visa_descuentos_mean6	0.00016817381788096	0.00296542543671483	0.000566349731293923
mcuenta_debitos_automaticos_delta1	0.000166052533697662	0.000802712912669995	0.000442331541959487
ccajas_consultas_delta1	0.000165823415088112	0.00151787409819931	0.00034725093013642
ccajas_otras_delta1	0.00016437625721567	0.00072661202260624	0.000136420008267879
ccajas_otras	0.000163075805341739	0.00118593732602966	0.000198429102935097
Master_cconsumos	0.000162453653971312	0.000272294764379461	0.000442331541959487
matm	0.000160783172722595	0.000366728148504505	0.000496072757337743
cpagomiscuentas_lag1	0.000160263858627722	0.000233135389479245	0.000458867300537412
ccomisiones_mantenimiento_lag1	0.000160141338756478	0.000250273181860245	0.000334849111202976
cprestamos_personales_lag1	0.000158642827254487	0.000753755459070246	0.000264572137246796
ccuenta_debitos_automaticos_lag1	0.000157844550057972	0.00106999188717451	0.000479536998759818
mv_mconsumototal_mean6	0.000154352725493382	0.000149666748797826	0.000363786688714345
mpagomiscuentas_delta1	0.000152862183926353	0.000923643462868196	0.000607689127738735
Master_mconsumototal_mean6	0.000152439143854642	0.000661992267921624	0.000458867300537412
Visa_mconsumototal_delta1	0.000151159859067377	0.000300118411736665	0.000429929723026044
Master_mconsumospesos_delta1	0.000150914858061767	0.000279997397288587	0.000442331541959487
Visa_mlimitecompra_delta1	0.000149729361525041	0.000206669662397356	0.000272840016535759
mcaja_ahorro_adicional	0.000142594894542767	0.00229783150501096	0.000322447292269533
cliente_vip_lag1	0.000142455012790931	6.55403707987618e-05	0.000107482430756511
mvr_mconsumototal	0.000141094547264004	0.000179808696564639	0.000376188507647788
Visa_mfinanciacion_limite_delta1	0.000140624550028758	0.000193759003489714	0.000281107895824721
tcallcenter_lag1	0.000140424513365535	0.000638370378709369	0.000355518809425382
tcuentas_lag1	0.000138396073324034	0.00542103593086322	0.000620090946672179
tpaquete9	0.000134516448294497	0.000446168275692413	0.000177759404712691
Visa_fechaalta_delta1	0.000131789243029059	0.000445339014762953	0.000289375775113683
cforex_buy_delta1	0.000131436284669817	0.0018614947682303	0.000219098801157503
cprestamos_hipotecarios_mean6	0.000129477265273178	0.00290318507934647	0.000330715171558495
minversion2_mean6	0.000128978324581478	0.00180840902086303	0.000219098801157503
matm_delta1	0.000128426536886936	0.00032798562541086	0.000392724266225713
cseguro_vivienda_mean6	0.000127641165805379	0.000259884547772678	0.000264572137246796
minversion2	0.000124624624423514	0.00285295105461177	0.000330715171558495
mvr_mconsumosdolares_delta1	0.000122487498175045	0.000281974011296593	0.000343116990491939
mcheques_emitidos_mean6	0.000122248172944914	0.00174727871403997	0.000310045473336089
Visa_Fvencimiento_delta1	0.000118879348905192	0.000304865399236872	0.000239768499379909
mcheques_emitidos_rechazados_mean6	0.000115739492507288	0.00119325756794887	0.000177759404712691
ctarjeta_visa_debitos_automaticos_delta1	0.000113142706881457	0.000363375683389753	0.000264572137246796
thomebanking_delta1	0.000112796775716245	0.000228443535283268	0.000202563042579578
Master_cconsumos_lag1	0.000112487175604269	0.000257587480189127	0.000326581231914014
catm_trx	0.000111650982204963	0.000649029437498872	0.000310045473336089
Master_cconsumos_delta1	0.000110522540683919	0.000229590608192572	0.000297643654402646
Visa_mpagosdolares_lag1	0.000107692435872023	0.000115712998445489	0.000248036378668871
mv_mconsumosdolares_delta1	0.000106757420115459	0.000511937664833681	0.000326581231914014
mv_mconsumototal	0.000106668639277026	0.000266147751169419	0.000285241835469202
ccajas_trx_delta1	0.000103935669267841	0.000411015581096992	0.000223232740801984
Visa_msaldodolares_delta1	0.00010387354396669	0.000183524721293887	0.000235634559735428
ccajas_trx_lag1	0.000102432191507294	0.000351794207398126	0.000363786688714345
mv_mpagado	0.000102422863449824	0.000460210898382429	0.000289375775113683
mvr_mconsumototal_lag1	0.000101082045299136	0.000161054767928478	0.000268706076891277
mprestamos_prendarios_mean6	0.000100366216512792	0.0024973695794488	0.000326581231914014
ctarjeta_master_trx_lag1	0.00010022810603931	0.000263984524434756	0.000264572137246796
Visa_mpagado_delta1	9.8534727469235e-05	0.000175695371839431	0.000198429102935097
mplazo_fijo_dolares_lag1	9.81742463184448e-05	0.00151379103175214	0.000297643654402646
ccuenta_debitos_automaticos_delta1	9.81541230345523e-05	0.00152193815316226	0.000248036378668871
mvr_msaldodolares_lag1	9.75500390872031e-05	0.000703461778299278	0.000318313352625052
tpaquete9_mean6	9.52981004317071e-05	0.000265329596949159	0.000198429102935097
mttarjeta_master_debitos_automaticos_lag1	9.40642984146935e-05	0.000486904302996884	0.000285241835469202
mcheques_depositados_rechazados_mean6	9.31193339939433e-05	0.00187377010335958	0.00020669698222406
Visa_msaldodolares_lag1	9.26918417934e-05	0.000287683019922361	0.00024390243902439
ctarjeta_master_trx	9.16057693133294e-05	0.00044514299635463	0.000239768499379909
mtarjeta_master_consumo_delta1	9.12746361672101e-05	0.000291694383055899	0.000235634559735428
matm_other_lag1	9.01110728019379e-05	0.00130653921769597	0.000355518809425382
Master_fechaalta_delta1	8.98233430576085e-05	0.000129879115734561	0.000479536998759818
Master_mpagado_mean6	8.90508279738573e-05	0.000469477696152494	0.000256304257957834
Master_mconsumototal	8.78857772423495e-05	0.000148699864734723	0.000198429102935097
mcaja_ahorro_adicional_lag1	8.78772782325661e-05	0.00204147881071569	0.000272840016535759
mv_mconsumototal_lag1	8.69347990625539e-05	0.000124507290790449	0.00024390243902439
matm_other_delta1	8.53250245714882e-05	0.000610781333067403	0.000293509714758165
ccajas_trx	8.41384665550892e-05	0.000175096730219568	0.00020669698222406
ccheques_emitidos_mean6	8.2966963361366e-05	0.00103652845300617	0.00020669698222406
mforex_sell	8.27648850323298e-05	0.000300376687752776	0.000338983050847458
mvr_mpagado	8.27231536125226e-05	0.00123619830704778	0.000384456386936751
mvr_mpagado_lag1	8.13885462141918e-05	0.000847561103998531	0.000202563042579578
mttarjeta_master_debitos_automaticos	7.99810173648295e-05	0.00106434257460918	0.000264572137246796
mv_Fvencimiento_delta1	7.91756315621749e-05	8.2265613972251e-05	0.000194295163290616
Visa_mpagado_lag1	7.84782990440285e-05	0.000303720887874915	0.000214964861513022
mvr_mconsumototal_delta1	7.82650774138765e-05	0.000357429611561842	0.000235634559735428
catm_trx_other	7.7153645915991e-05	0.0011556526520466	0.000194295163290616
active_quarter_lag1	7.68896574604551e-05	6.89048431667029e-05	0.000181893344357172
cpagomiscuentas_delta1	7.67538838187332e-05	0.000706542199080927	0.000231500620090947
mvr_mpagosdolares	7.28271443721613e-05	0.000517010469149191	0.000223232740801984
minversion1_pesos_mean6	7.21737117835106e-05	0.00197198833378674	0.000248036378668871
mv_mpagado_lag1	7.00576630261801e-05	0.000422851430747444	0.000223232740801984
Master_msaldodolares_mean6	6.94220384429888e-05	0.000359378228657827	0.000198429102935097
mvr_msaldodolares_delta1	6.91667515384169e-05	0.000826440125504812	0.000214964861513022
cpayroll_trx_delta1	6.88411732592098e-05	0.000102815587540532	0.000148821827201323
Master_mconsumototal_lag1	6.83388222832704e-05	9.88130297260002e-05	0.000169491525423729
mforex_sell_lag1	6.65819015328489e-05	0.000111902676754524	0.00020669698222406
mv_fechaalta_delta1	6.55862344185862e-05	4.82770225735747e-05	0.000198429102935097
mv_mpagado_delta1	6.09866023627663e-05	0.000569819889596384	0.000157089706490285
cextraccion_autoservicio_delta1	6.06857901414656e-05	0.000489268951403804	0.000219098801157503
ctarjeta_visa_mean6	5.99927598133388e-05	0.00184203749472646	0.000223232740801984
Master_delinquency_mean6	5.98606159106822e-05	4.68516015232439e-05	0.000115750310045473
mv_status06_mean6	5.97894463438949e-05	3.49711849513696e-05	9.50806118230674e-05
cplazo_fijo_lag1	5.87235243543938e-05	0.000965495284187412	0.000132286068623398
Visa_status_delta1	5.85021037370397e-05	0.000409642431622214	0.000107482430756511
mforex_sell_delta1	5.81726756152158e-05	0.00043071426042621	0.000165357585779248
ctarjeta_master_trx_delta1	5.66710878977619e-05	0.000209812340786795	0.000152955766845804
mv_mlimitecompra_delta1	5.65728248454035e-05	0.000380250737058873	0.000132286068623398
ctarjeta_master_descuentos_mean6	5.64682097575413e-05	0.00112455140479828	0.000198429102935097
mv_status01_delta1	5.62459086330648e-05	9.5180395370155e-05	8.26787928896238e-05
mvr_mpagosdolares_lag1	5.59704317922928e-05	0.000180816045070992	0.000169491525423729
mv_status03_delta1	5.50805892608998e-05	0.00124050206680857	0.000177759404712691
mv_mconsumototal_delta1	5.5067292335404e-05	5.017050636533e-05	0.000148821827201323
ccajas_extracciones	5.4692338727915e-05	0.00034363826065691	0.000198429102935097
ccheques_emitidos	5.45320164927895e-05	0.00114675161522078	0.000136420008267879
mvr_mpagado_delta1	5.37863281392003e-05	0.000850817971365803	0.000181893344357172
ccajas_extracciones_lag1	5.16956803841615e-05	0.000849874021156293	0.000186027284001654
cpayroll_trx_lag1	5.14043454228882e-05	0.000109368025654526	0.00014055394791236
matm_other	5.05941795446869e-05	0.00033652414325079	0.000136420008267879
Master_delinquency_lag1	5.04402510072774e-05	0.000688698320176105	0.00010334849111203
tcallcenter_delta1	4.98526556326861e-05	5.33924326258203e-05	7.85448532451426e-05
mttarjeta_master_debitos_automaticos_delta1	4.92046012050917e-05	0.000541707147606548	0.000252170318313353
cforex_buy_mean6	4.86495460543748e-05	0.000250054910009344	0.000128152128978917
catm_trx_other_lag1	4.84665687632434e-05	0.00036927810885232	0.000136420008267879
mvr_msaldodolares2_lag1	4.83376173641615e-05	0.000375265465619116	0.000169491525423729
mprestamos_prendarios_delta1	4.80932190369411e-05	0.00284924937855008	0.000305911533691608
mcaja_ahorro_adicional_delta1	4.77077072083986e-05	0.00157222691095942	0.000198429102935097
cseguro_accidentes_personales	4.68202009805405e-05	7.7269976270573e-05	9.50806118230674e-05
ctarjeta_master_mean6	4.67330335111617e-05	2.75982712148333e-05	5.78751550227367e-05
ctarjeta_visa	4.61798974852867e-05	7.25928509718414e-06	2.0669698222406e-05
mv_status03_mean6	4.58996991178114e-05	0.000252122679081149	0.000351384869780901
ccajas_depositos_lag1	4.57951532912253e-05	0.000472574646919368	9.09466721785862e-05
Master_mconsumosdolares_lag1	4.44721251109025e-05	1.67035900935703e-05	8.6812732534105e-05
mcheques_depositados_lag1	4.41602111827046e-05	0.00109657884748943	0.000136420008267879
Visa_msaldodolares	4.38259303012809e-05	0.000273146138666879	0.00014055394791236
mvr_msaldodolares2	4.36609320831982e-05	0.00021409152570273	0.000107482430756511
Master_mpagado_lag1	4.29652065011045e-05	0.000375179473674189	0.000124018189334436
cseguro_vida_lag1	4.15111114447102e-05	0.000570887574550015	0.000119884249689955
ccajas_extracciones_delta1	4.05000684747262e-05	0.000215920430484413	0.000128152128978917
ctarjeta_master_debitos_automaticos_lag1	3.96049964970056e-05	0.000133075266424871	0.00010334849111203
mvr_msaldodolares	3.90613840113306e-05	0.000288669195638923	0.000119884249689955
ccajas_consultas_lag1	3.88139903894284e-05	0.000265970364015629	0.000132286068623398
cseguro_accidentes_personales_lag1	3.73748208782762e-05	6.43337619257254e-05	9.09466721785862e-05
ccheques_emitidos_rechazados_mean6	3.68160929754552e-05	0.000490972880691871	5.78751550227367e-05
tcuentas_mean6	3.64858895232466e-05	0.000304148426136825	8.6812732534105e-05
Visa_delinquency_lag1	3.5713085815393e-05	5.12221216117756e-05	5.78751550227367e-05
Master_status_delta1	3.43006146424759e-05	1.88362783809538e-05	4.96072757337743e-05
catm_trx_delta1	3.28434807152542e-05	0.000107132755400724	0.000115750310045473
mforex_buy_delta1	3.23574483621818e-05	0.000474508435057663	5.78751550227367e-05
mv_msaldodolares	2.98808956694627e-05	0.00016256716151608	8.26787928896238e-05
mv_msaldodolares_lag1	2.96243831220204e-05	0.000104740470299379	7.44109136006614e-05
Master_status_lag1	2.90394434208498e-05	0.000179874536336296	3.72054568003307e-05
mcheques_emitidos_delta1	2.88994825358066e-05	0.000612082318950511	7.44109136006614e-05
ctarjeta_master_debitos_automaticos	2.87688235001072e-05	0.000158127359576643	4.96072757337743e-05
cforex_lag1	2.85528496615702e-05	0.000525642683588178	0.00010334849111203
Master_msaldodolares_lag1	2.83203411646567e-05	0.000111696091963395	4.96072757337743e-05
mv_msaldodolares_delta1	2.82915076671383e-05	5.70060154732711e-05	7.02769739561802e-05
Master_mconsumosdolares	2.79641660954336e-05	3.02336031328277e-05	9.50806118230674e-05
mv_status05	2.78743350788633e-05	3.06558782154221e-05	6.20090946672179e-05
Master_mconsumototal_delta1	2.76580203672959e-05	2.78566673034764e-05	7.44109136006614e-05
catm_trx_other_delta1	2.71842853830593e-05	5.11332079019056e-05	9.09466721785862e-05
cseguro_vivienda	2.71388775556235e-05	0.000123681652049034	5.78751550227367e-05
cforex_sell	2.6562258693776e-05	3.69768365000057e-05	8.6812732534105e-05
Master_mpagado	2.64465454370269e-05	0.0001474623772089	8.26787928896238e-05
Visa_delinquency_delta1	2.64125091744625e-05	2.25322509973748e-05	2.89375775113683e-05
mv_status04_mean6	2.63529317542782e-05	9.27600533205228e-05	0.000148821827201323
Visa_mpagosdolares_delta1	2.47315238357314e-05	2.54472718663355e-05	7.02769739561802e-05
cforex_sell_lag1	2.44961057701389e-05	0.000548067189500264	8.6812732534105e-05
ccheques_depositados_delta1	2.40481549049746e-05	0.000953340201698822	0.000111616370400992
cseguro_auto_mean6	2.23155562884271e-05	0.000478588859909131	8.26787928896238e-05
Master_mpagosdolares	2.17506978164922e-05	2.13760525756466e-05	4.54733360892931e-05
active_quarter	2.12884720132255e-05	3.17141774994767e-05	4.13393964448119e-05
Master_mconsumosdolares_delta1	2.11607420553719e-05	1.85439417899611e-05	6.61430343116991e-05
Master_madelantopesos_mean6	2.04539975322748e-05	7.27503461095135e-05	0.000223232740801984
cliente_vip	1.92110849348703e-05	1.80252684763418e-05	2.48036378668871e-05
Master_msaldodolares	1.8553442737423e-05	0.000274317606312247	5.37412153782555e-05
mv_cadelantosefectivo_mean6	1.79152323452827e-05	2.64133554458929e-05	2.0669698222406e-05
ctarjeta_master_debitos_automaticos_delta1	1.71815853488223e-05	0.000396611299940902	0.000132286068623398
cprestamos_prendarios_mean6	1.59150158894285e-05	0.000755336794303246	8.26787928896238e-05
mv_status04_lag1	1.58139196211428e-05	2.08012253412767e-05	2.48036378668871e-05
cforex	1.5299155226394e-05	3.09789533745805e-05	4.96072757337743e-05
tpaquete9_lag1	1.5103631027054e-05	4.16714923883943e-05	3.30715171558495e-05
mv_status02_delta1	1.50944084290857e-05	0.000260315908343519	0.000190161223646135
cinversion2	1.4701682632863e-05	0.000404413392930616	6.20090946672179e-05
mv_mpagosdolares	1.34258962516981e-05	4.35726808342797e-05	6.20090946672179e-05
cseguro_vida	1.32879169373081e-05	2.64492771450189e-05	2.89375775113683e-05
mv_cadelantosefectivo_lag1	1.30923184656936e-05	6.31781638666566e-07	4.13393964448119e-06
Master_mpagado_delta1	1.30705714449962e-05	1.29417576934036e-05	4.13393964448119e-05
tpaquete7_delta1	1.28625522576096e-05	1.80730773561256e-05	4.13393964448119e-06
mv_status06	1.2838834465871e-05	2.51720456111381e-05	6.20090946672179e-05
cseguro_vivienda_lag1	1.27523133119227e-05	4.06538976926529e-05	3.30715171558495e-05
Master_mpagosdolares_lag1	1.2465754844682e-05	9.5576934906746e-06	3.72054568003307e-05
mvr_madelantopesos_mean6	1.21312539732665e-05	6.35804068485127e-07	4.13393964448119e-06
mv_madelantopesos_mean6	1.20279246192186e-05	6.29019970432927e-07	4.13393964448119e-06
Master_cadelantosefectivo_mean6	1.17983953524674e-05	9.00097719653253e-05	0.000252170318313353
mcheques_emitidos_lag1	1.17506636214521e-05	0.000100549738815275	2.89375775113683e-05
cinversion2_mean6	1.14004784647126e-05	0.000209716242737099	3.72054568003307e-05
mcheques_emitidos	1.07228446349253e-05	0.000238426905911607	2.89375775113683e-05
mpagodeservicios_mean6	1.04308959757429e-05	0.000362944042649671	4.13393964448119e-05
mvr_mpagosdolares_delta1	1.02644685962846e-05	0.000177066720226231	8.26787928896238e-05
ccheques_emitidos_lag1	1.01188921297352e-05	0.000197985796757565	3.30715171558495e-05
mcheques_emitidos_rechazados_delta1	9.77316692293581e-06	1.14150554624174e-05	1.65357585779248e-05
mcajeros_propios_descuentos_delta1	9.31015328080936e-06	7.56652268938536e-05	7.02769739561802e-05
mvr_Master_mlimitecompra_delta1	9.00205705465872e-06	7.72326737373302e-05	5.37412153782555e-05
mcajeros_propios_descuentos_mean6	8.86683057002609e-06	0.000355232224191855	6.61430343116991e-05
cliente_edad_delta1	8.79912116375156e-06	2.52591982572069e-05	2.0669698222406e-05
ccheques_emitidos_delta1	8.33027165516185e-06	2.30493833801681e-05	2.0669698222406e-05
cforex_delta1	8.17871375594293e-06	4.92106065211652e-05	2.0669698222406e-05
mv_status01_lag1	8.08521955773737e-06	4.04632625361772e-05	1.65357585779248e-05
mv_mpagosdolares_lag1	7.97183508241947e-06	3.74964103576142e-05	2.89375775113683e-05
mtarjeta_visa_descuentos_delta1	7.79015097921287e-06	2.22914055104774e-05	2.89375775113683e-05
Master_msaldodolares_delta1	7.30961658826238e-06	7.93721461227659e-06	1.24018189334436e-05
Visa_cadelantosefectivo_mean6	7.24056255260536e-06	4.47216148678282e-06	2.0669698222406e-05
active_quarter_delta1	7.09490219017363e-06	6.2454786898241e-05	1.65357585779248e-05
mv_status03	7.05600197322258e-06	2.88017782141291e-05	3.72054568003307e-05
minversion1_pesos_lag1	7.00612811417684e-06	0.000161433196524841	2.48036378668871e-05
ccajas_depositos	6.81902209956049e-06	3.23360531542617e-05	1.65357585779248e-05
Master_mpagosdolares_delta1	6.73879113838609e-06	5.34622948272959e-06	2.48036378668871e-05
Visa_madelantopesos_mean6	6.64082581491202e-06	5.78871677485998e-06	2.48036378668871e-05
mv_status06_lag1	6.6192978348547e-06	1.01942580185284e-05	1.24018189334436e-05
ccajas_otras_lag1	6.580771383014e-06	3.85385798982173e-05	1.65357585779248e-05
ctarjeta_master_descuentos_lag1	5.92572664314646e-06	0.000147720413079947	6.20090946672179e-05
mtarjeta_visa_descuentos_lag1	5.65748543018182e-06	8.82599149338079e-06	2.0669698222406e-05
mtarjeta_master_descuentos_delta1	4.96331907771543e-06	1.11818345812955e-05	1.65357585779248e-05
mv_status07_lag1	4.8920870678205e-06	2.23330906911344e-06	8.26787928896238e-06
mtarjeta_master_descuentos	4.86058639206928e-06	0.000391411038632782	4.13393964448119e-05
ctarjeta_visa_descuentos	4.7032854997443e-06	0.000193598906780518	2.48036378668871e-05
Master_cadelantosefectivo_lag1	4.40002844470088e-06	4.54060282996431e-06	1.24018189334436e-05
ctarjeta_visa_descuentos_lag1	4.32064108029579e-06	7.6872636250436e-06	8.26787928896238e-06
Master_delinquency_delta1	3.98495826979911e-06	3.27313719534451e-05	8.26787928896238e-06
mvr_Visa_mlimitecompra_delta1	3.77138228564139e-06	1.58514553467835e-05	1.65357585779248e-05
ctarjeta_master_descuentos_delta1	3.65858822530592e-06	4.71849028597023e-06	8.26787928896238e-06
mcajeros_propios_descuentos_lag1	3.34254132974016e-06	1.69455362453435e-05	1.65357585779248e-05
ccajas_depositos_delta1	3.14023673312187e-06	3.28346943671428e-05	1.65357585779248e-05
mv_status03_lag1	3.04985233661826e-06	5.43888545317704e-07	4.13393964448119e-06
mforex_buy	2.82630945467003e-06	9.39068260484971e-05	1.24018189334436e-05
cpagodeservicios_lag1	2.66636373740375e-06	0.000313128830906225	3.30715171558495e-05
mv_status02_lag1	2.41710442470441e-06	1.19316074946398e-06	8.26787928896238e-06
tpaquete7_lag1	2.25952057960127e-06	2.4308564010087e-05	1.24018189334436e-05
mv_mpagosdolares_delta1	2.24352772334975e-06	3.11680275881416e-06	4.13393964448119e-06
Visa_madelantodolares	2.21051071349545e-06	5.81451235712926e-07	4.13393964448119e-06
Visa_madelantopesos	2.20023125179368e-06	2.66162780247995e-06	1.24018189334436e-05
cpagodeservicios_mean6	2.16661445827298e-06	0.000101222665308205	1.65357585779248e-05
ccajeros_propios_descuentos_mean6	1.94968485076681e-06	7.52952834230778e-06	2.0669698222406e-05
mtarjeta_visa_descuentos	1.6860413413995e-06	7.72884074042193e-05	1.65357585779248e-05
ctarjeta_visa_delta1	1.67381491906141e-06	2.9612567985766e-05	4.13393964448119e-06
mcheques_depositados_delta1	1.66022565220857e-06	2.09136132311326e-05	2.89375775113683e-05
ccheques_depositados	1.52225128482308e-06	6.42928772286143e-05	8.26787928896238e-06
mcheques_depositados	1.45311778896282e-06	1.02970200937439e-05	8.26787928896238e-06
mprestamos_prendarios_lag1	1.36466990477215e-06	3.18442960998761e-05	4.13393964448119e-06
ctarjeta_visa_descuentos_delta1	1.30125467603512e-06	2.96182914431198e-06	4.13393964448119e-06
Master_madelantopesos_delta1	1.2630749413332e-06	1.12992254933138e-06	4.13393964448119e-06
Master_cadelantosefectivo	1.25424328502112e-06	5.58045096828402e-06	2.0669698222406e-05
mtarjeta_master_descuentos_lag1	1.2065330437575e-06	4.91893136588421e-06	8.26787928896238e-06
ccajeros_propios_descuentos_delta1	1.02817246801723e-06	1.51883347772917e-05	1.65357585779248e-05
cseguro_auto	1.00749933481486e-06	2.9156752642595e-05	4.13393964448119e-06
cseguro_vida_delta1	9.64175488924836e-07	7.14421558744918e-06	4.13393964448119e-06
Visa_madelantopesos_lag1	7.5779744463026e-07	9.58819191377653e-07	4.13393964448119e-06
ctarjeta_master_lag1	4.6220740026851e-07	7.39226542626046e-07	4.13393964448119e-06
Visa_madelantopesos_delta1	4.3409357520909e-07	1.51693633172519e-06	8.26787928896238e-06
Master_madelantopesos_lag1	2.63180242264991e-07	4.97220354586934e-07	4.13393964448119e-06
mtarjeta_master_descuentos_mean6	2.13113195759742e-07	4.03131518592169e-06	4.13393964448119e-06
cinversion1_mean6	1.44463472683203e-07	2.88062809340753e-05	2.0669698222406e-05
ccajeros_propios_descuentos_lag1	1.41432470902643e-07	1.15850781675841e-05	4.13393964448119e-06
cforex_sell_delta1	9.69779395233244e-08	3.47467894013421e-06	4.13393964448119e-06
Master_cadelantosefectivo_delta1	1.41182547937521e-08	6.78689974461131e-07	4.13393964448119e-06
Master_madelantodolares_mean6	4.05422763426691e-14	1.03754474691615e-05	2.0669698222406e-05
Master_madelantopesos	1.57431254487116e-15	3.59897402273662e-06	1.24018189334436e-05
