Feature	Gain	Cover	Frequency
ctrx_quarter_normalizado	0.134364064790509	0.0137906435888707	0.0049891457516091
ctrx_quarter	0.0863172160887493	0.00556038339254311	0.00350382755074837
mtarjeta_visa_consumo	0.0480893053017994	0.0121241597919999	0.00795978215333054
mdescubierto_preacordado_tend6	0.0438375774478861	0.00196813317799915	0.0010282972159805
mcaja_ahorro	0.0383097727380757	0.00629436468727668	0.00757893133259702
ctarjeta_visa_tend6	0.0345508796360552	0.000847883627803196	0.000152340328293408
mcuentas_saldo	0.0310560113153465	0.00977916843750634	0.0112731842937122
cpayroll_trx	0.0257727533384389	0.0116661451572687	0.00422744411014206
ctrx_quarter_normalizado_lag1	0.0222629347759233	0.00127117972510217	0.00175191377537419
foto_mes	0.0215994179849294	0.0202378034401663	0.0178238184103287
mprestamos_personales	0.0158941250637734	0.00888270477028469	0.00472255017709563
mv_status07	0.0151460018931976	4.32145268750973e-05	7.61701641467037e-05
mprestamos_personales_tend6	0.013739967102516	0.00654852243929214	0.00354191263282172
mpasivos_margen	0.0133677418415111	0.00551786144618279	0.00536999657234261
mv_status07_tend6	0.0119403249442727	0.00172816173217758	0.000342765738660167
ccomisiones_mantenimiento_tend6	0.0106787408160946	0.00396720869992848	0.00312297673001485
mpayroll_sobre_edad	0.00894257699041682	0.00889796456816853	0.00365616787904178
mpayroll	0.00866370087737081	0.00712040924554402	0.00335148722245496
cproductos_tend6	0.00771687367420455	0.00422658796741469	0.00262787066306128
mprestamos_personales_lag1	0.00737240064361572	0.000386105772279106	0.00060936131317363
mcuenta_corriente_tend6	0.00655694173402107	0.00378618362332346	0.00647446395246982
ctarjeta_visa_trx	0.00594492536626681	0.00406573334561901	0.00540808165441597
mdescubierto_preacordado_delta1	0.00581762328727015	0.00359968779307134	0.00125680770842061
mes	0.00552620390196768	0.00576802554965745	0.00441786952050882
mcuentas_saldo_tend6	0.00508126857361869	0.00321362304698522	0.00594127280344289
mactivos_margen	0.00506385504044044	0.00536177915980028	0.00715999542979015
mcuentas_saldo_lag1	0.00494516129819541	0.00650852465783299	0.00445595460258217
mdescubierto_preacordado	0.00486718097822375	0.000702709930465189	0.000723616559393686
mpasivos_margen_lag1	0.00465288900954599	0.000960201344438658	0.0021327645961077
cproductos_delta1	0.00389933465783217	0.00256838043472389	0.000837871805613741
mcaja_ahorro_dolares_delta1	0.00380779576494646	0.00711344257636221	0.00357999771489508
mcuenta_corriente_avg6	0.00370996819566407	0.00574516860892253	0.00940701527211791
mv_status05	0.00369211680616327	6.37365421049438e-06	3.80850820733519e-05
internet	0.00365222687535061	0.0100686842815198	0.00460829493087558
tmobile_app	0.00359162110533828	0.00975753709347726	0.00468446509502228
tcallcenter_tend6	0.00355777860823312	0.00394300730003927	0.0021327645961077
mrentabilidad_avg6	0.00349838971882966	0.00258544424998699	0.00396084853562859
cprestamos_personales_tend6	0.00347643491979995	0.000756687427723523	0.000647446395246982
mcomisiones_mantenimiento_tend6	0.00342379517217037	0.00800761607392568	0.00628403854210306
mv_fechaalta_tend6	0.00332978767291244	0.00205814918585534	0.00297063640172145
Visa_fechaalta_tend6	0.00324036956236834	0.0053660217221997	0.00445595460258217
ccaja_ahorro	0.00290743502922588	0.0048619666180434	0.002056594431961
mactivos_margen_avg6	0.00281358269617136	0.00448773184767584	0.00597935788551624
mcomisiones_mantenimiento_avg6	0.00272821741130008	0.00390940717230271	0.00342765738660167
cliente_edad_avg6	0.00271054985918318	0.00739466204849634	0.00906424953345775
cliente_edad	0.00267973392943467	0.00445781937470078	0.00754084625052367
mv_msaldopesos	0.00265425608179395	0.00080279292285367	0.00137106295464067
cproductos	0.00261795608856643	0.00720836843034956	0.00658871919868987
mcuenta_corriente	0.00255559178486523	0.00389658770318655	0.00510340099782915
ccaja_ahorro_avg6	0.002546058044098	0.00351013507309403	0.00255170049891458
Visa_msaldototal	0.00252436956797327	0.000811164698605487	0.00159957344708078
ctarjeta_visa_trx_tend6	0.00241612976111063	0.00249802537852147	0.0030848916479415
mtransferencias_recibidas	0.00240443778178213	0.00429933421824853	0.00453212476672887
mprestamos_personales_delta1	0.00236172093737825	0.00555948357299817	0.00278021099135469
mtarjeta_visa_debitos_automaticos_tend6	0.00231781803587579	0.0088258471694153	0.00472255017709563
thomebanking	0.00229269428183521	0.00209991174224829	0.00239936017062117
cliente_edad_lag1	0.00227285856952964	0.00399108594424544	0.0070457401835701
mcomisiones_mantenimiento	0.00222662052394493	0.00486810222303926	0.0040370186997753
mpasivos_margen_delta1	0.00221817518922196	0.000870317658216758	0.00220893476025441
Master_fechaalta	0.00221133805578782	0.00633739029907341	0.00658871919868987
mactivos_margen_tend6	0.00215411489749445	0.00297860912200128	0.00590318772136954
mrentabilidad_annual_tend6	0.0021218317541358	0.0033000488575581	0.006169783295883
mvr_mpagominimo_avg6	0.00194259896027407	0.00306561870449015	0.00338957230452832
ccaja_ahorro_tend6	0.00193749405943915	0.00629948825879264	0.00125680770842061
mv_status01	0.00193006633517285	0.00076982959298213	0.000304680656586815
Visa_fultimo_cierre_tend6	0.00190753915028352	0.00150266458669511	0.00220893476025441
mprestamos_personales_avg6	0.00190597914396941	0.000903810598943188	0.00114255246220056
Visa_fechaalta_avg6	0.00189473770593284	0.00189995753694974	0.00274212590928133
mcaja_ahorro_delta1	0.00186348691457447	0.0057533975227138	0.00418935902806871
numero_de_cliente	0.00186161344454257	0.00365052962434651	0.00685531477320334
mrentabilidad_annual_delta1	0.00185136017178452	0.00311842671201013	0.00556042198270937
mcaja_ahorro_lag1	0.00182372963441934	0.00246510437211384	0.00476063525916898
mdescubierto_preacordado_avg6	0.00182267264219647	0.00187366396337719	0.00163765852915413
ctrx_quarter_normalizado_delta1	0.00182088683411188	0.00313248491270023	0.00312297673001485
ctarjeta_visa_debitos_automaticos_tend6	0.0017998094042322	0.00226087371321297	0.00274212590928133
cpayroll_trx_lag1	0.00178158420985673	0.000262827900079897	0.000228510492440111
mcuentas_saldo_delta1	0.00177047619221171	0.00793783149261227	0.0049891457516091
thomebanking_avg6	0.00175522815167621	0.0018682303441103	0.00384659328940854
chomebanking_trx_avg6	0.001682706131463	0.00172506157898597	0.00396084853562859
ccomisiones_mantenimiento_delta1	0.00164444391647227	0.00320389432584647	0.00137106295464067
mrentabilidad_annual	0.00163699758526639	0.00244208446171904	0.00388467837148189
mtransferencias_emitidas_avg6	0.00163530794965793	0.00368316360956211	0.00559850706478273
tmobile_app_delta1	0.00158339072596655	0.00420398075133272	0.00140914803671402
mrentabilidad_tend6	0.00157750209029241	0.00249388773290807	0.0051414860799025
ctrx_quarter_tend6	0.00156038548884636	0.00201235081961655	0.00369425296111513
ctrx_quarter_delta1	0.00154992746784942	0.0024830566558013	0.00369425296111513
chomebanking_trx_delta1	0.00150506398339795	0.00405832025308033	0.00293255131964809
mcuenta_corriente_lag1	0.00149871504699062	0.00282656167251142	0.00445595460258217
ctransferencias_recibidas_avg6	0.00149579136643477	0.00249184761222056	0.00453212476672887
mv_msaldototal	0.00148478364171604	0.000543528463844263	0.0010282972159805
mrentabilidad_annual_avg6	0.00146320773311789	0.00192422023289012	0.00525574132612256
mcaja_ahorro_avg6	0.00140426539711451	0.0028084877696748	0.00457020984880222
Master_status	0.00138300107501932	0.000335248373752845	0.000152340328293408
Visa_Finiciomora	0.00137930280163133	0.00563376968441929	0.00114255246220056
mrentabilidad_annual_lag1	0.00137888659430202	0.00159124224541386	0.00373233804318848
mcuenta_debitos_automaticos	0.00136538312469974	0.00444143176190703	0.00297063640172145
mpayroll_avg6	0.00135588998112407	0.00265806271963478	0.00190425410366759
ccomisiones_mantenimiento_avg6	0.00135058510369225	0.00582486515089277	0.00335148722245496
mcuenta_corriente_delta1	0.00133523622289104	0.00294563590043894	0.00327531705830826
Master_fultimo_cierre_avg6	0.00132966222572093	0.00157853385512061	0.00479872034124234
internet_tend6	0.00131530550209378	0.00192725292799366	0.00159957344708078
ctransferencias_emitidas_avg6	0.00130204849004295	0.0014344023528115	0.00289446623757474
cprestamos_personales	0.00129874798183213	0.00124288900294149	0.000990212133907148
mv_status04	0.00129455105501876	0.000100432606902609	0.000152340328293408
Visa_fechaalta_lag1	0.00129400325689898	0.00114377799079312	0.00274212590928133
mv_mpagominimo_avg6	0.00128978888657614	0.00249600212235599	0.00297063640172145
mv_status02_avg6	0.00126668325899764	0.000209128180958252	0.000152340328293408
chomebanking_trx	0.0012547890246828	0.00369478504897958	0.00384659328940854
Visa_fultimo_cierre_avg6	0.00125416030019931	0.00163210173908456	0.004113188863922
mrentabilidad	0.00121783579543891	0.00143402468481363	0.00319914689416156
mpasivos_margen_avg6	0.00120183941312633	0.00127631043160821	0.00323723197623491
Master_Fvencimiento_tend6	0.00119779005187936	0.000949027463490113	0.00255170049891458
internet_avg6	0.00117005656910314	0.00594192796025199	0.0030848916479415
mv_mpagominimo	0.00116069118834549	0.00258207912920907	0.00278021099135469
Visa_fechaalta	0.00116054225335721	0.0020858850003781	0.00373233804318848
chomebanking_trx_tend6	0.00116030245090798	0.00198146863662549	0.00392276345355524
Master_Fvencimiento	0.00114892092900461	0.00228452766477208	0.00430361427428876
mactivos_margen_lag1	0.00114410561528921	0.00137822192736465	0.00285638115550139
ccaja_seguridad	0.00112171195553568	0.0052211703966864	0.00144723311878737
Visa_mpagominimo	0.00109751728815849	0.00187696357197343	0.00323723197623491
mcomisiones_otras	0.00106846809412835	0.00198594211324946	0.00338957230452832
mcaja_ahorro_dolares_tend6	0.00105657103392628	0.00164670511788065	0.00220893476025441
ctarjeta_master_avg6	0.00105651521506557	1.20644574381522e-05	7.61701641467037e-05
mpasivos_margen_tend6	0.00103941022246018	0.00267592127549794	0.00361808279696843
ccomisiones_otras_avg6	0.00103841510217436	0.0037044159883224	0.00426552919221541
mv_fultimo_cierre_tend6	0.00103215117857741	0.00164236347641438	0.00266595574513463
mv_fultimo_cierre_avg6	0.00102956213548367	0.00155779827666483	0.00373233804318848
Master_Fvencimiento_lag1	0.0010033977194196	0.00124648601089715	0.00365616787904178
ctrx_quarter_normalizado_tend6	0.00100172519609376	0.00174454107486918	0.00338957230452832
Visa_Fvencimiento_avg6	0.000998865264933393	0.00157388978737008	0.00361808279696843
Master_fechaalta_tend6	0.000986109741751688	0.00078290381367607	0.00239936017062117
Visa_Fvencimiento_tend6	0.000985510261464599	0.00160642874749047	0.00285638115550139
Visa_cconsumos_tend6	0.000982167455086103	0.0015304021849654	0.00338957230452832
Master_fechaalta_avg6	0.000979006531025755	0.00151307842904082	0.00350382755074837
Master_fultimo_cierre_tend6	0.000970892440766408	0.0042324169299958	0.00331340214038161
mtransferencias_recibidas_avg6	0.000957107699645854	0.00181922220528678	0.00357999771489508
Master_Fvencimiento_avg6	0.000938943048905862	0.00119380789262848	0.00377042312526184
ccomisiones_otras_tend6	0.000938508596893375	0.000976685279598545	0.00255170049891458
mcuentas_saldo_avg6	0.000927234967417144	0.00133085370114845	0.0030087214837948
mactivos_margen_delta1	0.000924746444509797	0.00144593963177774	0.0030848916479415
mcomisiones_avg6	0.000922830808310971	0.0012384382285587	0.00312297673001485
mpagomiscuentas	0.000917795102896121	0.00314563696964964	0.002056594431961
cliente_antiguedad_avg6	0.000917758397074879	0.0016245402711839	0.00316106181208821
Master_fechaalta_lag1	0.000913704485642146	0.00182146145706118	0.00392276345355524
mv_status02	0.000904128939974522	0.00122013341149754	0.000380850820733519
mv_Fvencimiento	0.000903342102792212	0.00142813977742391	0.00342765738660167
cplazo_fijo	0.000902446907857574	0.00304209739888306	0.000723616559393686
ccallcenter_trx_tend6	0.000900945804304553	0.00158842116762987	0.00171382869330083
ccallcenter_trx_delta1	0.000900812309055043	0.00107427297136392	0.00060936131317363
mautoservicio	0.000899466088308506	0.00198405652996083	0.0011044673801272
Visa_Fvencimiento	0.000894050586364634	0.000980600443248416	0.00335148722245496
mv_Finiciomora	0.000891715564805684	0.00287262922246702	0.00060936131317363
mrentabilidad_delta1	0.00089070378120769	0.0020545210433975	0.00281829607342804
cproductos_avg6	0.000880077872643942	0.00232897670709062	0.00415127394599535
mcomisiones	0.000879673209655949	0.00211950653308492	0.00293255131964809
mv_Finiciomora_avg6	0.00087911890376353	0.00199789889720088	0.000571276231100278
mtarjeta_master_consumo	0.000869589663071065	0.0017882078628203	0.000952127051833797
ctransferencias_recibidas_tend6	0.000866775125556994	0.00325908152824181	0.00354191263282172
Visa_mpagado_avg6	0.000863948640314689	0.002360518228029	0.00224701984232776
cprestamos_personales_avg6	0.000862809624973588	0.00234128586225688	0.00178999885744754
Visa_mpagospesos_tend6	0.000856951028764032	0.00114041676182798	0.00285638115550139
mcaja_ahorro_tend6	0.000844954057390484	0.00125222481314901	0.00304680656586815
Visa_mconsumospesos_tend6	0.000841844475837088	0.00111468555520116	0.00274212590928133
Visa_msaldopesos_lag1	0.000838012547764401	0.000428458911260395	0.00129489279049396
mcomisiones_otras_tend6	0.00083477485306106	0.00337379903392857	0.0030848916479415
mv_fechaalta_avg6	0.000832188182695133	0.00139077205060513	0.00239936017062117
mv_mpagospesos_tend6	0.000823786858515519	0.00102191738707883	0.00194233918574095
mv_Fvencimiento_avg6	0.000821469259214474	0.000877177464706175	0.00293255131964809
Master_mpagospesos_tend6	0.000814304483885986	0.00462978025719808	0.00194233918574095
ctarjeta_debito_avg6	0.000814227455731955	0.00113145343053463	0.00285638115550139
ccajas_trx_avg6	0.000805750273284411	0.00299010975306391	0.00399893361770195
mpayroll_sobre_edad_avg6	0.000802251728956476	0.0019546485332165	0.00144723311878737
Visa_delinquency_tend6	0.00079281999636376	0.00179817593044461	0.000799786723540389
Visa_Fvencimiento_lag1	0.000787771318351755	0.000987734784697212	0.00289446623757474
mv_fechaalta	0.000787722988043153	0.000775921415084296	0.00243744525269452
Visa_status	0.000781035727538189	0.000869192113530966	0.000190425410366759
mv_Finiciomora_lag1	0.000775770986098977	0.00489836479700504	0.0010282972159805
mvr_msaldopesos2_tend6	0.000771262716471768	0.0021624847944929	0.00285638115550139
tcallcenter_avg6	0.000769257557760831	0.00105104857863966	0.00163765852915413
Visa_mfinanciacion_limite	0.000768659256131328	0.00148713138896395	0.00266595574513463
cliente_antiguedad	0.000766885466642663	0.00131971144117869	0.00312297673001485
mvr_mpagominimo	0.000766815214999459	0.00525052390805191	0.00327531705830826
Master_mfinanciacion_limite	0.000765371389430846	0.00113478320067986	0.00270404082720798
cmobile_app_trx_delta1	0.000756537044088378	0.00209743719795998	0.00137106295464067
ctarjeta_visa_trx_avg6	0.000755278412234878	0.00272493492772289	0.00373233804318848
mvr_mpagospesos_tend6	0.000754826663956431	0.00117539442912739	0.0021327645961077
mcomisiones_tend6	0.000750265167359494	0.00116260155406519	0.00258978558098793
ccallcenter_trx	0.000742305209807321	0.00397583311919282	0.00148531820086072
mv_cconsumos_tend6	0.000733266923128931	0.00142445131186808	0.00217084967818106
mcaja_ahorro_dolares_avg6	0.000728146999989642	0.00100360186753254	0.00258978558098793
ccajas_extracciones_avg6	0.000721404803512949	0.00275204124152958	0.002056594431961
mvr_mpagominimo_tend6	0.000717462652007448	0.00249566110226173	0.00190425410366759
ctrx_quarter_lag1	0.000706617655776498	0.000773928969103267	0.00148531820086072
cmobile_app_trx_avg6	0.00070621803101624	0.00097098199013824	0.00289446623757474
Visa_mpagominimo_avg6	0.000700284869786301	0.00118503509800215	0.00224701984232776
cpayroll_trx_avg6	0.000696038359932238	0.000416264402412071	0.000761701641467037
tmobile_app_avg6	0.000695304760597485	0.000820403051334811	0.0021327645961077
mv_mpagominimo_delta1	0.000679742197311679	0.00248327475947546	0.00114255246220056
Visa_cconsumos_lag1	0.000675912822658279	0.00249008332376337	0.00236127508854782
mtransferencias_recibidas_lag1	0.000675284923302732	0.00271861770479761	0.00239936017062117
mv_msaldototal_lag1	0.000673210786413448	0.00017389803230517	0.000457020984880222
mcaja_ahorro_dolares	0.000670551397574337	0.00273420927972036	0.00239936017062117
Visa_fultimo_cierre	0.000662688585582235	0.00139627912783812	0.00239936017062117
ctarjeta_visa_debitos_automaticos_avg6	0.000649465971301801	0.00218211931425159	0.00194233918574095
Visa_mpagominimo_lag1	0.000643816410263708	0.000742236316102187	0.00217084967818106
cmobile_app_trx_tend6	0.000639924189208333	0.00141309451571919	0.00255170049891458
cmobile_app_trx_lag1	0.000637291431303991	0.00180278399892698	0.00186616902159424
Visa_mpagominimo_tend6	0.000635114374778133	0.000688920751333033	0.00220893476025441
Visa_msaldopesos	0.000631992981923122	0.00179935482539717	0.00239936017062117
mv_fechaalta_lag1	0.000627114071989117	0.00155272983916316	0.00224701984232776
mvr_msaldopesos2_avg6	0.000623094403721562	0.00119991430902854	0.00350382755074837
Visa_mpagospesos_avg6	0.000620653470343545	0.00138206136282431	0.00217084967818106
Visa_cconsumos_avg6	0.000609043027029378	0.00170539868142581	0.00262787066306128
mv_Fvencimiento_tend6	0.000606424788476638	0.00147115987581921	0.0019804242678143
Visa_mlimitecompra	0.000603564379427242	0.00113694510267539	0.00182808393952089
mcomisiones_otras_avg6	0.000602246412053829	0.000814439983371893	0.00217084967818106
mvr_mpagominimo_lag1	0.000594378355685443	0.0013574527820237	0.00186616902159424
mpayroll_sobre_edad_delta1	0.000594084266319423	0.00534406411453312	0.00194233918574095
tmobile_app_tend6	0.000586233651713429	0.00132954621421551	0.0019804242678143
mv_fultimo_cierre	0.000578091575533288	0.00113678132222118	0.00220893476025441
mrentabilidad_lag1	0.000573733170830634	0.000767030244486117	0.00228510492440111
ccajas_consultas_avg6	0.000571122757391514	0.0038573209338933	0.00228510492440111
Master_mfinanciacion_limite_lag1	0.000570539844794514	0.00349386307957142	0.0021327645961077
ctarjeta_debito_trx_avg6	0.000565257311348337	0.00254365558601669	0.00251361541684122
Visa_mpagospesos_lag1	0.000562562643396935	0.000896035405657734	0.00224701984232776
mvr_msaldototal_avg6	0.000559573484769992	0.000428064540899374	0.0011044673801272
mcaja_ahorro_dolares_lag1	0.000548186443254314	0.000804149706081737	0.00224701984232776
cextraccion_autoservicio_avg6	0.000546440723938878	0.00117279486035374	0.00239936017062117
ccallcenter_trx_avg6	0.000539651662893799	0.00167905791962339	0.00274212590928133
Master_mpagominimo_avg6	0.000534294101933341	0.00127735538333782	0.00182808393952089
ccaja_ahorro_delta1	0.000531746925146503	0.0085927413678023	0.00133297787256732
mvr_msaldopesos2	0.000528996587925357	0.000778294285763908	0.00228510492440111
chomebanking_trx_lag1	0.000526582779068434	0.000732983693392695	0.00217084967818106
mtransferencias_emitidas_tend6	0.000525729911339625	0.00134138981127879	0.00186616902159424
ccomisiones_otras_lag1	0.000524699288259691	0.00181474451253231	0.00186616902159424
Visa_mconsumospesos_avg6	0.000524551215179855	0.000587449679055433	0.0021327645961077
mv_cconsumos_avg6	0.000524365888960455	0.00130873474541066	0.00156148836500743
Master_mfinanciacion_limite_avg6	0.0005235980906291	0.00134457785457552	0.0021327645961077
Visa_mpagominimo_delta1	0.000517946582949251	0.00100516605194965	0.00156148836500743
Master_mpagominimo_tend6	0.00051687536199607	0.00202233056267917	0.00156148836500743
Visa_cconsumos	0.000508609341163296	0.000719990227813799	0.00209467951403435
Visa_mpagospesos	0.000497825511852128	0.00132027559187195	0.00228510492440111
mtransferencias_recibidas_tend6	0.000494628754931315	0.00161708793619976	0.00228510492440111
mvr_msaldototal_tend6	0.000493702977889014	0.00351505302716847	0.00167574361122748
mtarjeta_visa_debitos_automaticos_avg6	0.000490276705762275	0.000676106795618303	0.00178999885744754
internet_delta1	0.000480906051913298	0.00186095930273784	0.0010282972159805
mextraccion_autoservicio_avg6	0.000477476178458135	0.000715209784457346	0.00186616902159424
mv_mpagospesos_avg6	0.000476826111459799	0.00113231579138163	0.00148531820086072
mv_fultimo_cierre_delta1	0.000471040902790561	0.000217921083283906	0.000914041969760445
mv_mpagominimo_tend6	0.000469037009389929	0.00120014473677649	0.00167574361122748
mcuenta_debitos_automaticos_tend6	0.000468874265660063	0.00291042521084972	0.00133297787256732
Visa_mlimitecompra_lag1	0.000467596441824246	0.000806719437624129	0.00133297787256732
Visa_mconsumosdolares_avg6	0.000465634989356736	0.000546963799410967	0.00194233918574095
mpayroll_sobre_edad_lag1	0.000465286439487844	0.00149145373352522	0.00137106295464067
cliente_antiguedad_lag1	0.000462980989858237	0.000553240158302131	0.00163765852915413
ccaja_seguridad_avg6	0.000456950498998826	0.000801231495137276	0.000342765738660167
Master_fultimo_cierre_lag1	0.000455727658891914	0.00106174052343979	0.00190425410366759
mv_Fvencimiento_lag1	0.000453913265417241	0.000593231291247799	0.0019804242678143
tcallcenter	0.000450908166655139	0.000633366096948346	0.000571276231100278
mforex_sell_avg6	0.000449893818339964	0.00263437747141462	0.00156148836500743
Master_mlimitecompra_avg6	0.000448573282020402	0.000742116967177141	0.00140914803671402
mvr_msaldopesos_lag1	0.00044651677558286	0.00241270565357051	0.0011044673801272
mvr_mpagospesos_avg6	0.000445182692949183	0.00125881803046346	0.00167574361122748
ccuenta_debitos_automaticos_tend6	0.000441498485079444	0.00298324718987378	0.00118063754427391
Visa_mconsumospesos_lag1	0.000441376169029672	0.000984326043184458	0.00171382869330083
cpagomiscuentas_tend6	0.00043587394752427	0.00157265446113231	0.00167574361122748
ccajas_trx_delta1	0.000422608992317841	0.00150116023889939	0.000647446395246982
mpagomiscuentas_avg6	0.000422593109313119	0.00104940688228482	0.00194233918574095
mvr_msaldopesos2_lag1	0.000422399736909668	0.000984453986529377	0.00232319000647446
mtransferencias_emitidas_delta1	0.000418258955750299	0.00242402531533919	0.00163765852915413
Master_fultimo_cierre	0.000417285218064051	0.000381815859490946	0.00114255246220056
Visa_mconsumospesos	0.000416166977086708	0.000724257924837378	0.00194233918574095
Visa_mlimitecompra_avg6	0.000414121915909926	0.000579121037561852	0.00152340328293408
mpayroll_sobre_edad_tend6	0.000414097511880541	0.000867943003789624	0.000914041969760445
mvr_Master_mlimitecompra_avg6	0.00041338662050329	0.00110827346933953	0.00159957344708078
ctransferencias_emitidas_tend6	0.000413261358743454	0.00193744039656306	0.00152340328293408
mcomisiones_otras_delta1	0.000410918396951551	0.00107398384210664	0.00140914803671402
mcomisiones_lag1	0.000410325083256197	0.000520363745582527	0.00129489279049396
mv_fultimo_cierre_lag1	0.000409063662716639	0.000782409391295004	0.00159957344708078
mpayroll_tend6	0.000406663459720875	0.00124651892914686	0.00121872262634726
mcomisiones_mantenimiento_lag1	0.000404158789800881	0.00186699712593778	0.00118063754427391
mplazo_fijo_dolares_tend6	0.000403210554085231	0.00346689833045435	0.000837871805613741
cprestamos_hipotecarios_avg6	0.000401460580820991	0.00632016075744972	0.000990212133907148
mplazo_fijo_dolares	0.000397859838281862	0.00298369847799661	0.000571276231100278
mtarjeta_visa_debitos_automaticos	0.000397304002458896	0.000513809932872405	0.00129489279049396
mautoservicio_avg6	0.000396606741235571	0.000733766272077845	0.00159957344708078
cmobile_app_trx	0.000396030412971822	0.000752804209370166	0.00125680770842061
Visa_mconsumosdolares_tend6	0.000392134969716356	0.000763640475560633	0.00171382869330083
mtransferencias_emitidas	0.000389157393003799	0.00123879903203455	0.00194233918574095
ctarjeta_debito_tend6	0.00038817394725757	0.00512752592205464	0.00106638229805385
ccomisiones_otras	0.000387543543413039	0.00147791281961623	0.00125680770842061
ccajas_consultas_tend6	0.000387485841401458	0.00242468027499715	0.00137106295464067
mcomisiones_delta1	0.000387074852649782	0.00162859310771062	0.00152340328293408
mvr_Visa_mlimitecompra_avg6	0.000385456240296318	0.000604688301575596	0.00171382869330083
mv_mpagospesos	0.000384412598058407	0.00042165261719661	0.00106638229805385
Visa_msaldopesos_tend6	0.000383008116334292	0.000584043369925662	0.00144723311878737
Visa_fultimo_cierre_lag1	0.000378422342690302	0.000597548933201969	0.00137106295464067
mv_mlimitecompra_avg6	0.00037603623767864	0.000347216346665994	0.00114255246220056
ccomisiones_mantenimiento	0.000374723627504085	0.00242007155787932	0.000952127051833797
Visa_mfinanciacion_limite_avg6	0.000371436222897778	0.000474150576965654	0.00137106295464067
mpayroll_delta1	0.00037048423971409	0.00396870364250999	0.00148531820086072
Visa_mconsumospesos_delta1	0.000370202074935471	0.000544244070917941	0.00167574361122748
Visa_cconsumos_delta1	0.000369629711209053	0.00181316540949958	0.000914041969760445
Master_msaldopesos_tend6	0.000368849523404159	0.00177290282261297	0.0010282972159805
mvr_msaldototal	0.000368650621647662	0.00142394553836642	0.00137106295464067
Visa_msaldototal_tend6	0.000367487810751037	0.00102990484631929	0.00144723311878737
thomebanking_tend6	0.000367038040438069	0.002757573129069	0.00133297787256732
ctrx_quarter_normalizado_avg6	0.000365522903480515	0.00106473543552766	0.00144723311878737
mcomisiones_otras_lag1	0.000364662135737431	0.000733933944344825	0.00121872262634726
mv_mconsumospesos_tend6	0.000364643564474034	0.00106085708194027	0.00137106295464067
ctrx_quarter_avg6	0.000364464096969483	0.000713480846632838	0.00194233918574095
mv_status01_avg6	0.000362381624204385	0.000858326172268104	0.000380850820733519
mtarjeta_visa_debitos_automaticos_lag1	0.000361743001495891	0.00337993544971876	0.00163765852915413
mvr_msaldopesos	0.000360018458374167	0.000547135201331855	0.000952127051833797
Master_mlimitecompra	0.000359005227460036	0.0010247663561877	0.00144723311878737
Visa_Finiciomora_lag1	0.000358690185167961	0.00369274184727363	0.000723616559393686
ccajas_consultas_delta1	0.000357779632265901	0.0026494186791477	0.00060936131317363
mv_mlimitecompra_tend6	0.000356397930162919	0.00128353817656356	0.000761701641467037
mvr_mconsumospesos_avg6	0.000352761853639006	0.000717314444373337	0.00125680770842061
mpagomiscuentas_tend6	0.000352558378110073	0.0025553384836442	0.00140914803671402
Visa_msaldopesos_avg6	0.000352506385731858	0.000773114445121603	0.00121872262634726
Visa_mpagospesos_delta1	0.000349357084495271	0.000604794191314801	0.00171382869330083
Visa_mfinanciacion_limite_lag1	0.000343256280901543	0.000787986845475641	0.00129489279049396
mv_cconsumos_delta1	0.000341274624337986	0.00247136046114681	0.000685531477320334
Visa_mconsumosdolares_lag1	0.000339638187904906	0.000642814445408559	0.00121872262634726
mv_msaldopesos_avg6	0.00033891567632395	0.00262712751069469	0.00121872262634726
mv_mfinanciacion_limite_lag1	0.000337652397317689	0.000442350736954445	0.00118063754427391
mv_mfinanciacion_limite_tend6	0.000334260482614819	0.000988463526638999	0.000761701641467037
Visa_msaldopesos_delta1	0.000332991290275389	0.00241805138273228	0.00133297787256732
mtransferencias_emitidas_lag1	0.000331823892892743	0.000754094831781089	0.00163765852915413
cpagomiscuentas_avg6	0.000330999568522287	0.000561267184305787	0.00167574361122748
mtarjeta_visa_consumo_tend6	0.000330487014274416	0.000725847892514109	0.00144723311878737
mvr_mconsumosdolares_avg6	0.0003294544423415	0.000526711454374533	0.00114255246220056
mvr_Visa_mlimitecompra_lag1	0.000327731369837981	0.000597014457581112	0.0011044673801272
mvr_Visa_mlimitecompra	0.000323587090751925	0.000393106819140419	0.00114255246220056
ctransferencias_recibidas	0.000322736349257415	0.000962579890678564	0.0010282972159805
cproductos_lag1	0.000322652087547826	0.00103297256773779	0.00133297787256732
cliente_edad_tend6	0.000320763763695964	0.000414419683157559	0.00121872262634726
mvr_mpagominimo_delta1	0.00031822012466165	0.00149049148281704	0.000990212133907148
mv_status07_delta1	0.000316636923461388	0.000328373810806662	0.000190425410366759
mv_msaldototal_tend6	0.000313755911518414	0.00139910052993984	0.00106638229805385
mcomisiones_mantenimiento_delta1	0.000311610326635499	0.000668283278990914	0.000457020984880222
Master_cconsumos_avg6	0.00030947569180695	0.00066450708548882	0.00125680770842061
mautoservicio_tend6	0.000309341682694388	0.000893617941290095	0.00118063754427391
Master_msaldopesos_avg6	0.000309086501524211	0.000621273586026454	0.000952127051833797
mtarjeta_visa_consumo_lag1	0.000308783822897285	0.000657887274120419	0.00106638229805385
mv_mfinanciacion_limite_avg6	0.000308166119994042	0.000468911386178557	0.00114255246220056
mv_cconsumos_lag1	0.000302349993517392	0.00151137235561635	0.0010282972159805
ccuenta_debitos_automaticos_avg6	0.000300439315961664	0.000907434038793932	0.0011044673801272
mvr_Master_mlimitecompra	0.000297829679825072	0.000545833227800344	0.00114255246220056
Master_msaldototal_lag1	0.000297274087606337	0.000494969829396056	0.000761701641467037
catm_trx_avg6	0.00029699659425089	0.000640498168173024	0.00129489279049396
mv_mpagospesos_lag1	0.00029213774043504	0.000764598185820579	0.0011044673801272
Visa_mconsumosdolares	0.000291141103429293	0.000552977298781072	0.00114255246220056
mv_mconsumosdolares_avg6	0.00028698976493037	0.000528167640987184	0.00114255246220056
mcuenta_debitos_automaticos_lag1	0.000285744136545763	0.000764975853818448	0.000837871805613741
mvr_msaldopesos_tend6	0.000285574868716873	0.0013833036618933	0.0011044673801272
mplazo_fijo_dolares_avg6	0.000283962213755439	0.00211173296138812	0.00060936131317363
Master_mpagominimo	0.000282347651217117	0.00109791897713861	0.000990212133907148
mv_mfinanciacion_limite	0.00028190864232303	0.00030572216319553	0.00114255246220056
matm_avg6	0.000280341742020077	0.000435239746382289	0.00137106295464067
mvr_Master_mlimitecompra_tend6	0.000279274056514681	0.0019340717082901	0.00060936131317363
Master_mpagominimo_lag1	0.000275188713812203	0.00050023577639597	0.000990212133907148
internet_lag1	0.000274843144908815	0.000243270243623484	0.000457020984880222
Master_msaldototal_avg6	0.00027446924516672	0.000416094784238704	0.00106638229805385
Master_mfinanciacion_limite_delta1	0.000272847201501385	0.000363066727138172	0.000457020984880222
ccaja_seguridad_lag1	0.000271809880856423	0.000442629812362059	0.000152340328293408
cpayroll_trx_tend6	0.000268894485673587	0.00183020668468036	0.000990212133907148
mforex_buy_avg6	0.000268224768668246	0.00434307105882957	0.000837871805613741
mtarjeta_visa_consumo_avg6	0.000266907461685858	0.000452441720998838	0.0010282972159805
mforex_sell_tend6	0.000264244579925361	0.0024304699951328	0.000723616559393686
mvr_msaldodolares2_avg6	0.000262371335059653	0.000554202895486909	0.0011044673801272
mv_mconsumospesos_avg6	0.000260813685102482	0.000302512552769673	0.000952127051833797
mv_msaldopesos_tend6	0.000258663509486801	0.000536387311723114	0.0011044673801272
mvr_msaldopesos_avg6	0.000250815268761892	0.000341699053424476	0.000914041969760445
Master_fechaalta_delta1	0.00025040986279501	0.0001022077600038	0.000380850820733519
ctarjeta_visa_trx_delta1	0.000249889768736748	0.00067327501534918	0.000647446395246982
mv_mlimitecompra_lag1	0.000248723447617023	0.000302027211285078	0.000837871805613741
mvr_Master_mlimitecompra_lag1	0.000247421689308503	0.000515925943908984	0.000799786723540389
Visa_delinquency_avg6	0.000247083867821588	9.74561809254151e-05	0.000266595574513463
ctransferencias_recibidas_lag1	0.000246774501992322	0.00044476982291074	0.000914041969760445
cprestamos_personales_delta1	0.000244583167781612	0.00183459729812403	0.000380850820733519
mextraccion_autoservicio_tend6	0.000244567622057891	0.000501869040489803	0.000875956887687093
ccajas_depositos_avg6	0.000238122135799573	0.00432828622426293	0.000952127051833797
Visa_msaldototal_delta1	0.000238057315190044	0.000811144428747293	0.0010282972159805
mv_msaldototal_avg6	0.000235151348664249	0.000934479056549446	0.0010282972159805
mv_mpagado_avg6	0.000233242337330074	0.00210461937627411	0.00167574361122748
tcuentas_avg6	0.000228568199005917	0.00502047009844745	0.000875956887687093
mv_mpagominimo_lag1	0.000227429883466598	0.000659162491439115	0.00118063754427391
ctarjeta_visa_trx_lag1	0.000226619614899466	0.00060950879817184	0.00129489279049396
mvr_mpagospesos_lag1	0.000226170613455749	0.000363785090912565	0.00106638229805385
Master_mlimitecompra_tend6	0.000225333340808249	0.00291661594985988	0.000799786723540389
mcuenta_debitos_automaticos_avg6	0.000222804035453173	0.000577797983377819	0.000952127051833797
Master_mfinanciacion_limite_tend6	0.000219846574683496	0.000267153649977344	0.00060936131317363
Master_mconsumospesos_tend6	0.000218533420175388	0.000396091190902025	0.000875956887687093
mtarjeta_visa_consumo_delta1	0.000217988099153356	0.00112739426981215	0.0010282972159805
mpayroll_lag1	0.000217840907370605	0.000385268870373996	0.00060936131317363
mv_mconsumospesos	0.000215340986028157	0.000964733522571951	0.000914041969760445
ctarjeta_debito_trx_tend6	0.000214506331284294	0.000586585372302044	0.0011044673801272
mv_status02_delta1	0.000213473241796917	0.000195357974413365	0.000114255246220056
matm_other_tend6	0.000211745702276967	0.00135577735662483	0.000837871805613741
mvr_mpagosdolares_avg6	0.000211409457634942	0.00067655889453546	0.000761701641467037
Visa_msaldototal_lag1	0.000210433280190675	0.000224592136853822	0.000723616559393686
cprestamos_personales_lag1	0.000209455326106394	7.61830458303349e-05	0.000114255246220056
mv_mpagospesos_delta1	0.000209068548413274	0.000584664438380723	0.000761701641467037
mv_cconsumos	0.000208500296876482	0.000933713666704044	0.000914041969760445
ccomisiones_otras_delta1	0.000207514249022106	0.000206883253623559	0.00060936131317363
ctarjeta_debito	0.000207201823603147	0.000420045622838996	0.000799786723540389
mvr_mpagospesos	0.000206895354016423	0.000512911086280654	0.000952127051833797
Visa_msaldototal_avg6	0.000206862391297272	0.000269514845218636	0.000875956887687093
mvr_msaldodolares_avg6	0.000199553891346804	0.00110048433039164	0.00121872262634726
mvr_mconsumospesos_tend6	0.000196256883808721	0.000400384509026362	0.000914041969760445
mtransferencias_recibidas_delta1	0.000196112473868377	0.000775845038258621	0.00114255246220056
ccajas_otras_tend6	0.00019602495236079	0.0026440688960143	0.000533191149026926
mv_mlimitecompra	0.0001925509419589	0.000223824963260898	0.000761701641467037
cextraccion_autoservicio_tend6	0.000192498628356718	0.00123195884676787	0.000952127051833797
Master_cconsumos_tend6	0.000191805900901039	0.000554858017303736	0.000685531477320334
mvr_mconsumospesos_lag1	0.000190523234028188	0.000459197421496571	0.000914041969760445
Master_mpagospesos	0.000189777517452465	0.00189579654045969	0.00163765852915413
Master_msaldopesos	0.000188609582213598	0.00148829795984273	0.000723616559393686
ctarjeta_debito_trx	0.000186465693301248	0.000399387718479818	0.000990212133907148
mtarjeta_visa_debitos_automaticos_delta1	0.000185469614004699	0.000631075116495837	0.00060936131317363
Master_mpagospesos_avg6	0.000184689795238796	0.000861412217638411	0.000914041969760445
Master_mlimitecompra_lag1	0.000184264681163067	0.000838077881203308	0.000837871805613741
ccajas_otras_delta1	0.000184202255470999	0.00179805950037914	0.000342765738660167
ccuenta_debitos_automaticos	0.000182807416633108	0.000482431705911629	0.00060936131317363
ctarjeta_master_trx_avg6	0.000181801997436607	0.000294188613883193	0.000647446395246982
Master_mconsumospesos_avg6	0.000181661135076991	0.000569808091754374	0.000723616559393686
ccajas_trx_tend6	0.000181413949751981	0.000380944093429743	0.00060936131317363
mvr_msaldototal_lag1	0.000179613018627294	0.000393110548794327	0.000761701641467037
matm_other_avg6	0.000171420367239899	0.000597126509357207	0.00106638229805385
mv_msaldototal_delta1	0.00017053613585968	0.000464768389322587	0.000685531477320334
tmobile_app_lag1	0.000169584809510728	0.000160057448812634	0.000647446395246982
mv_fechaalta_delta1	0.000166114477060447	3.77945289529102e-05	0.000152340328293408
cplazo_fijo_avg6	0.000164797991698904	0.0010213701009076	0.000266595574513463
cpagomiscuentas	0.000164076304446487	0.000426333008533017	0.000533191149026926
ccheques_depositados_avg6	0.000163788341702755	0.00191540252025804	0.000457020984880222
cforex_sell_avg6	0.000162674801326132	0.000532934625157796	0.000647446395246982
Master_status_tend6	0.00016260711812583	3.15376291256128e-05	3.80850820733519e-05
mv_status04_delta1	0.000160372639027706	0.00193004449286413	0.000457020984880222
Master_msaldototal_tend6	0.000159358456197922	0.000811991222343202	0.000495106066953574
Visa_mconsumototal_tend6	0.000157514806163982	0.000302283097974918	0.000761701641467037
Visa_mconsumosdolares_delta1	0.000156601432420584	0.000213482795133767	0.000647446395246982
tpaquete7_avg6	0.000153506396197472	0.00181115074775397	0.000304680656586815
ctransferencias_emitidas_delta1	0.000153101848295777	0.00079705736377912	0.000647446395246982
catm_trx_tend6	0.00015305073474232	0.000874364332706591	0.000685531477320334
Visa_fultimo_cierre_delta1	0.000150901489702609	7.08358572387803e-05	0.000342765738660167
ctarjeta_visa_descuentos_avg6	0.00015017657230759	0.00215660929231738	0.000533191149026926
ctarjeta_master_trx_tend6	0.000148065894817689	0.0010413316950981	0.000571276231100278
Master_mpagominimo_delta1	0.000147401295730742	0.000312970502326809	0.000647446395246982
mplazo_fijo_dolares_delta1	0.000146783702789685	0.00161285007640744	0.000418935902806871
mvr_mpagospesos_delta1	0.000146612442314108	0.000451483037785698	0.000837871805613741
ctarjeta_debito_trx_delta1	0.000145621210798091	0.00094012332018269	0.000647446395246982
Master_fultimo_cierre_delta1	0.000144980430557543	0.000190546072236995	0.000761701641467037
mvr_mconsumospesos	0.000143181497493752	0.000166241539309299	0.000533191149026926
Master_msaldopesos_lag1	0.000142065563012753	0.00134901516977247	0.000571276231100278
mextraccion_autoservicio_delta1	0.000141408050294883	0.000425155735169115	0.000533191149026926
mvr_Visa_mlimitecompra_tend6	0.000139567171844255	0.000637253531432208	0.00060936131317363
mvr_mconsumosdolares_tend6	0.000139564645646728	0.000375139130360737	0.000495106066953574
cforex_avg6	0.000139189396688151	0.000239138273570371	0.000571276231100278
Master_msaldototal	0.000137955917753889	0.000395885735619372	0.000495106066953574
mvr_mpagado_avg6	0.000137206973510749	0.000982479215864694	0.00121872262634726
Master_mpagospesos_delta1	0.000136700846272803	0.000361838535890487	0.000495106066953574
cplazo_fijo_tend6	0.000134215118739804	0.00116995383702928	0.000304680656586815
Visa_mfinanciacion_limite_tend6	0.000134062510951259	0.000291292943021043	0.000380850820733519
mv_mconsumospesos_lag1	0.000134034318784021	0.000220537516579576	0.000647446395246982
ctarjeta_visa_debitos_automaticos	0.000133217015083982	0.000210608853559601	0.000533191149026926
cforex_tend6	0.000131133310383513	0.000420463344076657	0.000380850820733519
ctransferencias_emitidas	0.000129480418019355	0.000490837697184078	0.000685531477320334
mpagomiscuentas_lag1	0.000128254913144047	0.000793651865443676	0.000723616559393686
mextraccion_autoservicio_lag1	0.000127739395453804	0.000239900420238462	0.000571276231100278
Master_Finiciomora_avg6	0.000127427678663456	0.00225833430537844	0.000380850820733519
ccajas_consultas	0.000126886324038865	0.00105991899290305	0.000266595574513463
matm_tend6	0.000125197818685557	0.00052280618241546	0.000457020984880222
mautoservicio_lag1	0.000125036811026236	0.000210946143999947	0.000761701641467037
ctarjeta_debito_lag1	0.000122524620072571	0.000199948043261661	0.000418935902806871
Visa_Finiciomora_avg6	0.000121881625952737	0.00175680287964671	0.000342765738660167
ccallcenter_trx_lag1	0.000120006640014813	0.00122073729111285	0.000914041969760445
catm_trx_other_avg6	0.000119742150380179	0.000337783565456874	0.000571276231100278
Master_mpagospesos_lag1	0.00011917584748184	0.000303172701511333	0.000571276231100278
ccuenta_debitos_automaticos_delta1	0.000118645173178907	0.00202236802137712	0.000380850820733519
mvr_mpagado_tend6	0.000115712956297513	0.000307441533646971	0.000342765738660167
mv_Finiciomora_tend6	0.000115682832454604	0.000194889335291922	0.000152340328293408
Visa_mpagosdolares_tend6	0.00011451182892676	0.00019228133425726	0.000380850820733519
Visa_mpagado_tend6	0.000114280751848808	0.00114251039494111	0.000418935902806871
mvr_mconsumototal_avg6	0.000114211414069977	0.000140715139329673	0.000304680656586815
mcaja_ahorro_adicional_avg6	0.000114021977572323	0.0026620967457331	0.000457020984880222
Visa_mpagosdolares_avg6	0.000113552512279072	0.000169532391326797	0.000533191149026926
mv_status01_lag1	0.000109475492070721	0.00128502728142592	0.000228510492440111
mvr_msaldopesos2_delta1	0.000108764446444571	0.000168257660484699	0.000685531477320334
Visa_delinquency_lag1	0.000108616016050318	8.69792587810102e-05	0.000114255246220056
cforex_sell_tend6	0.000107244879507831	0.00141398703811518	0.000533191149026926
mv_mconsumosdolares_delta1	0.000107064520774165	0.000315073702813009	0.000418935902806871
mv_msaldopesos_lag1	0.000105899260232772	0.000174430399860775	0.000342765738660167
Visa_msaldodolares_avg6	0.000105859794135549	0.000350186286288566	0.000457020984880222
mv_mconsumototal	0.00010501116745185	9.94311137489645e-05	0.000304680656586815
Master_delinquency	0.000104129799474309	0.000264794887119034	0.000190425410366759
mv_mconsumospesos_delta1	0.000104093193782845	0.000208026473625696	0.000457020984880222
mvr_msaldototal_delta1	0.000103951053928337	0.000920936358892928	0.000647446395246982
cextraccion_autoservicio_lag1	0.000103470493870466	0.000138148002329131	0.000342765738660167
ccaja_ahorro_lag1	0.000102795489235219	0.0003157534727774	0.000266595574513463
mvr_mconsumosdolares_lag1	0.00010261496990858	0.000137759145369539	0.000380850820733519
Master_mconsumototal_avg6	0.000102534592358073	0.000501811798410263	0.000380850820733519
mautoservicio_delta1	0.000101587541821909	0.000403012293442621	0.000571276231100278
ctarjeta_master_tend6	0.000100880493981197	8.56480966536995e-05	7.61701641467037e-05
mv_Fvencimiento_delta1	0.000100398955458106	4.68671553216407e-05	0.000152340328293408
thomebanking_lag1	0.000100394212502063	0.000123162901563534	0.000342765738660167
ctarjeta_visa_debitos_automaticos_lag1	9.87634431647198e-05	0.000363725254291176	0.000418935902806871
ctransferencias_emitidas_lag1	9.81855724539682e-05	0.000247077733786629	0.000533191149026926
Visa_Fvencimiento_delta1	9.79707976339977e-05	0.00013940084172438	0.000228510492440111
mdescubierto_preacordado_lag1	9.77574950623561e-05	8.41359652324335e-05	0.000114255246220056
mvr_msaldopesos_delta1	9.59460779312734e-05	0.000290829655142163	0.000342765738660167
mprestamos_prendarios_lag1	9.49135740526055e-05	0.00264188461609532	0.000418935902806871
mv_msaldodolares_avg6	9.38531017351352e-05	0.000365197170313786	0.000380850820733519
ccuenta_debitos_automaticos_lag1	9.34921880836634e-05	0.00170883985471168	0.000418935902806871
Visa_mconsumototal	9.34139576836555e-05	0.000218900684990702	0.000571276231100278
ctarjeta_debito_trx_lag1	9.30311715834422e-05	0.00100510686396372	0.000533191149026926
mv_msaldopesos_delta1	9.17964580880755e-05	0.000191439405427318	0.000418935902806871
mvr_msaldodolares2_delta1	9.13819579565386e-05	0.00303136604947861	0.000495106066953574
Visa_mlimitecompra_tend6	8.83829849910517e-05	0.000121178887843513	0.000304680656586815
Master_msaldototal_delta1	8.81900533234974e-05	0.000465937554743212	0.000304680656586815
ctarjeta_master_descuentos_avg6	8.81704284665323e-05	0.00141156470898158	0.000304680656586815
mvr_mconsumosdolares_delta1	8.76670772433957e-05	0.000629376826696918	0.000418935902806871
matm_lag1	8.69734303238963e-05	0.000462371843448604	0.000647446395246982
cpagomiscuentas_lag1	8.55670662361126e-05	0.000142835366496757	0.000342765738660167
ccajas_depositos_tend6	8.51291197163381e-05	0.000157724631372813	0.000266595574513463
Master_mconsumospesos	8.41189996700465e-05	0.000193161208261742	0.000380850820733519
Visa_mpagado	8.17252610039732e-05	0.000606402969419936	0.000304680656586815
mprestamos_prendarios_avg6	8.06043897187605e-05	0.00141785290546993	0.000228510492440111
ccajas_extracciones_tend6	8.03988046196266e-05	0.000252400436389485	0.000266595574513463
mv_mconsumosdolares_lag1	7.87127402143564e-05	9.62177736691997e-05	0.000342765738660167
mv_mconsumosdolares_tend6	7.72454033098341e-05	0.000485826663920811	0.000571276231100278
mv_status03_delta1	7.7142228220291e-05	0.00155685710660917	0.000304680656586815
mv_status01_delta1	7.49942109391778e-05	0.00027186760819892	0.000190425410366759
cpayroll_trx_delta1	7.48820156364378e-05	0.000144924459161654	0.000190425410366759
mvr_mconsumospesos_delta1	7.32145394738157e-05	0.00048499673484692	0.000418935902806871
mtarjeta_master_consumo_tend6	7.21361015559752e-05	0.000120987378223297	0.000152340328293408
minversion1_pesos_avg6	7.17821626676496e-05	0.00187047721735138	0.000304680656586815
Master_status_avg6	6.97584998926709e-05	0.000150610397623346	0.000152340328293408
Master_msaldodolares_avg6	6.96872389848971e-05	0.000150372834885313	0.000152340328293408
mtarjeta_master_consumo_lag1	6.73610884837733e-05	0.000708246196293976	0.000342765738660167
Master_cconsumos	6.60497272808288e-05	0.000207007305155706	0.000266595574513463
Visa_mlimitecompra_delta1	6.5628725515828e-05	0.000249580331558682	0.000228510492440111
ctransferencias_recibidas_delta1	6.52813493821799e-05	0.000169569363548143	0.000304680656586815
mv_mpagado_tend6	6.47594795698746e-05	0.000567607920266574	0.000266595574513463
cseguro_accidentes_personales_avg6	6.42389518998268e-05	0.000182499425010608	0.000228510492440111
Visa_mconsumototal_delta1	6.36893873220217e-05	0.000127287898785428	0.000228510492440111
cinversion1	6.20808451942524e-05	0.00122091420643517	0.000190425410366759
Master_msaldopesos_delta1	6.18309210013151e-05	0.000277336578098504	0.000190425410366759
active_quarter_tend6	6.12258497045369e-05	0.000893749127812326	0.000228510492440111
cextraccion_autoservicio	6.11167311111501e-05	5.43447870888084e-05	0.000228510492440111
cseguro_vida_avg6	6.10260832419614e-05	0.000319739499851517	0.000190425410366759
cseguro_vida_tend6	5.92201245838964e-05	0.00108469427301744	0.000228510492440111
Master_mconsumospesos_lag1	5.82291164733996e-05	0.000186659935024058	0.000266595574513463
mvr_mconsumosdolares	5.72480254796836e-05	0.000180672218913576	0.000190425410366759
Master_mpagado_tend6	5.61071795128926e-05	0.000209460120156035	0.000190425410366759
Master_mpagosdolares_avg6	5.57449951403613e-05	0.000878102905351876	0.000266595574513463
mvr_mconsumototal_tend6	5.51571816923496e-05	4.36723013525487e-05	0.000190425410366759
mv_status05_delta1	5.37147332998152e-05	0.000414071852390952	0.000152340328293408
mtarjeta_master_consumo_avg6	5.27799456973671e-05	0.000134801043344152	0.000342765738660167
Visa_Finiciomora_tend6	5.26459201738968e-05	0.000408824715819442	0.000152340328293408
ccajas_otras_avg6	5.21035964845381e-05	0.000217757140670834	0.000152340328293408
thomebanking_delta1	5.2078216014542e-05	0.000111978966765325	0.000114255246220056
Visa_mpagosdolares	5.18929863199662e-05	8.73434675930385e-05	0.000228510492440111
ctarjeta_visa_descuentos_tend6	5.14208786741646e-05	0.000814678356904253	0.000266595574513463
Visa_mconsumototal_avg6	5.11605873466985e-05	3.61200765072273e-05	0.000190425410366759
tpaquete9	5.07415884325977e-05	0.000383371611647046	0.000114255246220056
ccheques_emitidos_avg6	4.93738764388878e-05	0.000964774873082667	0.000190425410366759
Master_mconsumosdolares_avg6	4.9071346631437e-05	7.12929830807695e-05	0.000228510492440111
mcheques_depositados_avg6	4.86836376239319e-05	0.000489351835499031	0.000152340328293408
ccajas_depositos_lag1	4.77439870256279e-05	0.000330997703410148	0.000114255246220056
Master_mconsumospesos_delta1	4.76980088351012e-05	0.000103264062854001	0.000266595574513463
mextraccion_autoservicio	4.7628806872974e-05	9.71002422155299e-05	0.000304680656586815
mv_mconsumosdolares	4.72904195136776e-05	0.000422750594875258	0.000304680656586815
Visa_fechaalta_delta1	4.71466615531763e-05	5.93509555861085e-05	0.000152340328293408
mv_status04_tend6	4.68286908087332e-05	0.000358977891343296	0.000190425410366759
mforex_sell_delta1	4.65042175999145e-05	0.000420976252568395	0.000152340328293408
mcheques_emitidos_avg6	4.64242280735602e-05	0.000802086396676462	0.000152340328293408
ctarjeta_visa_debitos_automaticos_delta1	4.54335215346915e-05	9.96503525351899e-05	0.000114255246220056
Visa_mconsumototal_lag1	4.49241484700798e-05	5.4272626393638e-05	0.000152340328293408
mv_status05_tend6	4.47690208476425e-05	0.000426173282050449	0.000152340328293408
mvr_mconsumototal_delta1	4.42516203757334e-05	0.00028175459639045	0.000266595574513463
mforex_sell	4.42384695694737e-05	0.000465663992737026	0.000190425410366759
mvr_mpagado	4.37677225968041e-05	0.000283623639474794	0.000152340328293408
mtarjeta_visa_descuentos_avg6	4.29673483763178e-05	0.000467107206640433	0.000152340328293408
Visa_delinquency	4.12439912060263e-05	9.5191632367991e-05	3.80850820733519e-05
ccajas_extracciones	3.81796145991661e-05	0.000275642342271224	0.000152340328293408
mforex_buy_tend6	3.68910988261874e-05	3.84143001370473e-05	0.000152340328293408
ccajas_trx_lag1	3.64507875892581e-05	0.000166604288691537	0.000228510492440111
Master_mconsumototal_tend6	3.64274515140492e-05	6.3885728261251e-05	0.000114255246220056
cforex_buy_avg6	3.63083218599932e-05	0.00068678009214889	0.000114255246220056
catm_trx_other_tend6	3.52856104637658e-05	0.000204643353213699	0.000190425410366759
ctarjeta_visa_avg6	3.51846368354921e-05	0.00025484611639973	7.61701641467037e-05
catm_trx_lag1	3.50409383363696e-05	0.000100399850811768	0.000152340328293408
active_quarter_avg6	3.45855726782817e-05	0.000170054705032738	0.000152340328293408
catm_trx_other_lag1	3.41024251280554e-05	5.59435113442788e-05	0.000114255246220056
mtarjeta_master_consumo_delta1	3.40204955141248e-05	0.00103314948306011	0.000228510492440111
Visa_mpagado_delta1	3.31148797398535e-05	7.80545212976626e-05	0.000114255246220056
Master_cconsumos_lag1	3.262144831336e-05	4.36461937751949e-05	0.000114255246220056
mv_mpagado	3.22742337181623e-05	0.000675674642241608	0.000495106066953574
mprestamos_prendarios_delta1	3.21955600125073e-05	1.78963388788396e-05	0.000114255246220056
mv_status02_tend6	3.17049510618193e-05	3.16462755655322e-05	0.000114255246220056
tcallcenter_lag1	3.09100357291902e-05	0.000116529306691561	0.000152340328293408
tcuentas_tend6	3.0241752337647e-05	0.00018197192222097	7.61701641467037e-05
mvr_msaldodolares2_tend6	3.01309787432306e-05	0.0001185395901478	0.000114255246220056
ccomisiones_mantenimiento_lag1	3.00301553199957e-05	3.45349735964633e-05	0.000152340328293408
catm_trx	3.00149248078216e-05	3.6139373412228e-05	0.000114255246220056
Master_mpagosdolares_lag1	2.98657721997915e-05	1.56201148830958e-05	7.61701641467037e-05
mvr_mpagosdolares_tend6	2.93645332723503e-05	0.000353770159376116	0.000152340328293408
mforex_sell_lag1	2.93621516297491e-05	4.01205357203783e-05	7.61701641467037e-05
mv_status03_avg6	2.93490636799507e-05	1.33336748788223e-05	7.61701641467037e-05
mvr_msaldodolares_lag1	2.90569904795838e-05	0.000157288910501077	0.000114255246220056
Visa_mpagosdolares_lag1	2.88413547185794e-05	6.45335529291285e-05	0.000152340328293408
mv_mfinanciacion_limite_delta1	2.80023265372422e-05	5.04623795297788e-05	7.61701641467037e-05
tpaquete7_tend6	2.79360488376141e-05	0.00123174658081286	0.000190425410366759
mvr_mconsumototal	2.78099838657912e-05	9.0930259540168e-05	0.000114255246220056
mvr_msaldodolares2_lag1	2.77607399767797e-05	5.77710417590421e-05	7.61701641467037e-05
mv_mpagosdolares_avg6	2.75783503057148e-05	0.000261111772805767	0.000152340328293408
ctarjeta_master_debitos_automaticos	2.61966784694132e-05	0.00020516566691964	7.61701641467037e-05
mttarjeta_master_debitos_automaticos_tend6	2.59127955422803e-05	0.000131864832765614	0.000114255246220056
Visa_msaldodolares_delta1	2.56102722478075e-05	0.000126144030147829	0.000114255246220056
Visa_msaldodolares_tend6	2.54568057500641e-05	7.11202838889573e-05	7.61701641467037e-05
Master_status_delta1	2.52808819977227e-05	3.64474752567755e-05	7.61701641467037e-05
mv_status05_avg6	2.51966518028131e-05	5.08971274483219e-05	0.000114255246220056
mv_status07_avg6	2.49978561453208e-05	2.76167899154476e-05	7.61701641467037e-05
mcaja_ahorro_adicional_lag1	2.49843848175706e-05	0.000725696111815953	0.000114255246220056
Master_mpagado_avg6	2.49241992580972e-05	2.77252741965014e-05	7.61701641467037e-05
Master_mconsumosdolares_tend6	2.43006944909663e-05	3.65371491094253e-05	0.000114255246220056
Master_mpagosdolares_tend6	2.39812658533329e-05	4.55570738468516e-05	0.000114255246220056
active_quarter	2.30205694913856e-05	4.84522582324048e-05	7.61701641467037e-05
minversion1_pesos	2.29736274630678e-05	0.000246349316162572	3.80850820733519e-05
Master_delinquency_avg6	2.27980488570818e-05	7.89486652823125e-06	3.80850820733519e-05
mpagomiscuentas_delta1	2.19220435951866e-05	0.000165369124612633	0.000190425410366759
Master_status_lag1	2.17028453098318e-05	0.000478117631452502	7.61701641467037e-05
mplazo_fijo_dolares_lag1	2.06218161269083e-05	3.53087957028741e-05	7.61701641467037e-05
Master_mconsumosdolares_lag1	2.01708117912672e-05	3.57080308298615e-05	7.61701641467037e-05
mv_status06	1.99363891032851e-05	0.000126661803405534	7.61701641467037e-05
mttarjeta_master_debitos_automaticos_avg6	1.97752767229011e-05	7.12701186807267e-05	7.61701641467037e-05
matm_other	1.97055587520847e-05	0.000222111592687483	7.61701641467037e-05
mttarjeta_master_debitos_automaticos	1.95058862755168e-05	0.000249521630049353	7.61701641467037e-05
Master_mlimitecompra_delta1	1.92906779649987e-05	8.51230262470444e-05	3.80850820733519e-05
Master_cconsumos_delta1	1.91864543855427e-05	2.19712290112786e-05	7.61701641467037e-05
mvr_msaldodolares	1.91569305994852e-05	0.000200521923486847	0.000190425410366759
cseguro_accidentes_personales	1.86495808226337e-05	3.84777042534779e-05	3.80850820733519e-05
tpaquete9_avg6	1.84770230437494e-05	0.000333102849802735	7.61701641467037e-05
mv_mconsumototal_tend6	1.81835265129121e-05	2.41756166295831e-05	7.61701641467037e-05
minversion1_pesos_delta1	1.81413257335292e-05	8.83911760233655e-06	3.80850820733519e-05
cforex_buy_tend6	1.76760004791093e-05	0.00041926580085456	7.61701641467037e-05
mvr_mpagosdolares	1.71175462420803e-05	3.96611396542714e-05	3.80850820733519e-05
mcaja_ahorro_adicional	1.7096379743587e-05	0.000736959180140551	0.000114255246220056
Master_mpagado_lag1	1.70731413049722e-05	2.48297654932171e-05	3.80850820733519e-05
matm_other_delta1	1.64929524054494e-05	0.000326042939273228	7.61701641467037e-05
mv_mconsumototal_lag1	1.61921849683889e-05	1.60647544924375e-05	7.61701641467037e-05
mv_status04_avg6	1.61587192164012e-05	7.78480930618158e-05	0.000114255246220056
catm_trx_other	1.61405144350015e-05	0.000379625255376214	7.61701641467037e-05
Master_mpagosdolares_delta1	1.60769830798578e-05	1.07425383661779e-05	3.80850820733519e-05
mv_status03_tend6	1.57041878463715e-05	2.81765623193307e-05	3.80850820733519e-05
Master_msaldodolares_lag1	1.56750160764094e-05	3.19830795292822e-05	3.80850820733519e-05
catm_trx_delta1	1.55770692862598e-05	6.83613129504673e-05	0.000114255246220056
mv_mpagosdolares_tend6	1.55337811257732e-05	7.98648628726775e-06	3.80850820733519e-05
mcheques_depositados_tend6	1.53963215452711e-05	0.000185615307612177	7.61701641467037e-05
Master_mpagado	1.51012161014231e-05	2.44433409166084e-05	3.80850820733519e-05
mv_mlimitecompra_delta1	1.50494898136244e-05	2.2011930886532e-05	3.80850820733519e-05
active_quarter_lag1	1.43523217873371e-05	7.10985546009735e-06	3.80850820733519e-05
cseguro_accidentes_personales_lag1	1.43005142573963e-05	3.80452265590525e-05	7.61701641467037e-05
matm	1.41856120488257e-05	3.729443101155e-05	0.000114255246220056
mcuenta_debitos_automaticos_delta1	1.41499640970142e-05	0.000295957929265224	0.000152340328293408
ctarjeta_master_debitos_automaticos_tend6	1.38898692125832e-05	8.55412339613012e-05	3.80850820733519e-05
matm_delta1	1.37867915190273e-05	0.000123665918364474	7.61701641467037e-05
mv_mconsumototal_delta1	1.35899151925585e-05	3.94329821304407e-05	0.000114255246220056
ctarjeta_visa	1.2811076578043e-05	6.41451824461331e-06	3.80850820733519e-05
matm_other_lag1	1.25177935069517e-05	8.86456032834155e-05	3.80850820733519e-05
cforex_lag1	1.22521263922511e-05	2.14768066302126e-05	3.80850820733519e-05
mvr_msaldodolares_tend6	1.21703237523547e-05	0.000267681639243579	0.000190425410366759
mvr_mpagosdolares_delta1	1.20309652363418e-05	0.000275372672077812	0.000152340328293408
ctarjeta_master_trx	1.19481286176137e-05	0.000164187310800495	7.61701641467037e-05
ccajas_extracciones_lag1	1.16485907312573e-05	2.20106336156076e-05	3.80850820733519e-05
catm_trx_other_delta1	1.08551874051622e-05	3.91271505100109e-05	3.80850820733519e-05
mvr_mpagado_lag1	1.07181283935553e-05	0.000128595385718368	0.000152340328293408
Visa_msaldodolares_lag1	1.05484545115937e-05	4.80925898686119e-05	0.000114255246220056
Visa_mfinanciacion_limite_delta1	1.0542095057246e-05	9.05381594032649e-06	3.80850820733519e-05
cseguro_vivienda_avg6	1.03805814307415e-05	5.40374960385886e-05	3.80850820733519e-05
mv_msaldodolares_lag1	1.03002629533607e-05	0.000286518499542616	7.61701641467037e-05
mvr_msaldodolares_delta1	9.93002737834572e-06	0.000108734005706778	7.61701641467037e-05
ccajas_trx	9.81755573023477e-06	3.45547569780605e-05	7.61701641467037e-05
Master_mconsumototal_delta1	9.63873872219451e-06	0.000186879011651418	3.80850820733519e-05
mvr_mpagado_delta1	9.481497476576e-06	2.32433653115286e-05	3.80850820733519e-05
Visa_status_tend6	9.37030725068393e-06	0.000199402540837946	3.80850820733519e-05
mv_mpagosdolares_delta1	9.29334704734156e-06	3.49342087234506e-05	3.80850820733519e-05
mv_mconsumototal_avg6	9.04950274020398e-06	8.33188467089205e-06	3.80850820733519e-05
tpaquete7	8.86804921225392e-06	0.000227532239245132	3.80850820733519e-05
cpagomiscuentas_delta1	8.61318942643377e-06	0.000141983545976016	3.80850820733519e-05
ctarjeta_master_debitos_automaticos_avg6	8.19190431597396e-06	0.000150875203050791	3.80850820733519e-05
ccajas_otras	8.00927410444904e-06	0.000235040356879024	3.80850820733519e-05
Visa_msaldodolares	7.22093148679061e-06	0.00021607214789889	7.61701641467037e-05
mv_status02_lag1	6.83770028862732e-06	9.20361830032279e-05	3.80850820733519e-05
mvr_mconsumototal_lag1	6.54786177816336e-06	1.31964884785659e-05	3.80850820733519e-05
cliente_edad_delta1	5.84226368489304e-06	2.83839635083708e-05	3.80850820733519e-05
mttarjeta_master_debitos_automaticos_delta1	5.58509141849142e-06	0.000230570772067833	3.80850820733519e-05
mttarjeta_master_debitos_automaticos_lag1	5.08285302685395e-06	0.000238645472777961	3.80850820733519e-05
minversion1_pesos_lag1	4.85466562038807e-06	0.000244260547815406	3.80850820733519e-05
Visa_mpagado_lag1	4.6990853458145e-06	3.05241362159171e-05	7.61701641467037e-05
mv_msaldodolares_tend6	2.76574436877663e-06	8.18720653104716e-05	0.000114255246220056
Master_Fvencimiento_delta1	2.53472562968464e-06	5.91944722808515e-06	3.80850820733519e-05
ctarjeta_master_trx_lag1	2.39243532769235e-06	2.6063307983466e-05	3.80850820733519e-05
Master_mconsumototal_lag1	2.25320434989527e-06	7.04742429686009e-06	3.80850820733519e-05
Master_mpagosdolares	2.20446384356834e-06	1.20519712055047e-05	7.61701641467037e-05
Master_mconsumosdolares_delta1	1.01295291402163e-06	6.46965225890076e-06	3.80850820733519e-05
mtarjeta_visa_descuentos_tend6	9.72389265023438e-07	9.28490853962367e-05	0.000114255246220056
Master_mconsumototal	9.59530075284053e-07	1.33304317015113e-05	7.61701641467037e-05
ccajas_consultas_lag1	5.2592097387486e-07	4.67596439937801e-05	3.80850820733519e-05
mv_mpagado_lag1	1.09955697115519e-07	2.55513724449205e-05	3.80850820733519e-05
Master_mconsumosdolares	7.21182065180854e-08	8.83571226615998e-06	3.80850820733519e-05
ctarjeta_master	3.41824815690372e-08	3.83723009908695e-05	7.61701641467037e-05
mv_msaldodolares	1.82201682456205e-08	4.28589124829433e-05	3.80850820733519e-05
mv_status03	2.67655657589466e-10	3.66709301735052e-05	3.80850820733519e-05
Visa_cadelantosefectivo_delta1	4.80682317751461e-11	1.41498204491421e-05	3.80850820733519e-05
