Feature	Gain	Cover	Frequency
ctrx_quarter_normalizado	0.146353297598732	0.00929542979755161	0.0037801769810132
ctrx_quarter	0.107699683570401	0.00433007991488842	0.00336493026718978
mtarjeta_visa_consumo	0.0535123989306896	0.0075387139773902	0.0024628425785389
mcaja_ahorro	0.0441376597069168	0.00514937428354673	0.00369426386780836
mcuentas_saldo	0.03672843643234	0.00997390561261147	0.00816174575446032
mdescubierto_preacordado	0.0322459107284815	0.00229629771308617	0.00117414588046622
saldocuentas	0.0220437520888255	0.0109023601738315	0.0127867350153212
Visa_status_mean6	0.0200828146198589	0.00095320165969181	0.000715942610040379
cpayroll_trx	0.0199842601073237	0.00625311348109071	0.00140324751567914
ctarjeta_visa_trx	0.0193214570281035	0.00456741858132676	0.0024628425785389
foto_mes	0.0169794816122981	0.0300995748849942	0.0156791431598843
mpayroll	0.0159062906146892	0.00720789201198068	0.00190440734270741
mdescubierto_preacordado_delta1	0.0124857536192462	0.00376115486090043	0.0009450442452533
mprestamos_personales	0.0119152995203519	0.013514071606945	0.0045247572954552
mprestamos_personales_mean6	0.0103327765863168	0.00294153716141704	0.00221942209112518
mpasivos_margen	0.00939481142938324	0.00396568494052712	0.00365130731120593
mv_status06_delta1	0.00851570019967507	0.000596462251673149	0.000214782783012114
mv_status01	0.00825819659469965	0.000568801772293287	0.000572754088032303
mcuentas_saldo_lag1	0.00816573101335202	0.00475617881447774	0.00495432286147942
mcuenta_corriente	0.00743630396152809	0.0065176098947465	0.00708783183939975
Visa_Finiciomora_mean6	0.00653850685814031	0.00201702232012178	0.00138892866347834
mpayroll_sobre_edad	0.00628896791427505	0.00399743194337131	0.00100231965405653
cproductos_delta1	0.00565615083577469	0.00434463207100535	0.00111687047166299
mrentabilidad_mean6	0.00542565018892407	0.00307458669926054	0.00551275809731092
ccaja_ahorro	0.00523842553331939	0.0072384095257272	0.0022623786477276
cprestamos_personales_mean6	0.0051043637522251	0.00195983012675543	0.00249148028294052
mv_Finiciomora_lag1	0.00509398574292629	0.00305229865461706	0.00105959506285976
Visa_Finiciomora	0.00506401026637888	0.00278544650173115	0.00088776883645007
mv_msaldototal	0.00483694838185711	0.00101648033839562	0.00115982702826541
mactivos_margen	0.00459068900923957	0.00626064009326803	0.00605687448094161
mprestamos_personales_delta1	0.00450834742010461	0.00967724742506009	0.00441020647784874
mv_Finiciomora	0.00444029677035357	0.00278584402847188	0.00114550817606461
mcaja_ahorro_dolares_delta1	0.00417479359365523	0.00668005372152172	0.00363698845900513
mv_status07_delta1	0.00392830499247684	0.000511845553704534	0.000200463930811306
cprestamos_personales	0.00391555983128442	0.00105182293128061	0.00077321801884361
mprestamos_personales_lag1	0.00370277707222832	0.000821029917767815	0.00108823276726138
cproductos	0.00368013719750753	0.00327952882715275	0.00337924911939059
Master_status	0.00349203368464676	0.000227053720883073	0.000143188522008076
mautoservicio	0.00345089429836427	0.00218700826382733	0.00083049342764684
mv_status02	0.00344594366753769	0.000315614676752978	0.000128869669807268
Master_status_mean6	0.00335474246094685	0.00112647075375665	0.000429565566024228
mactivos_margen_mean6	0.00332850655156006	0.00277101845927129	0.00485409089607377
mv_status05_delta1	0.00328993203739506	0.00133631934183241	0.000486840974827458
ctrx_quarter_normalizado_delta1	0.00323895965148477	0.00306075524944355	0.00438156877344712
ctrx_quarter_delta1	0.00312607920226105	0.00406707619296687	0.0060425556287408
mcuenta_corriente_mean6	0.00310024395074033	0.00919935614596564	0.0094361236003322
cliente_edad_lag1	0.0029686930106074	0.00792907116906203	0.0103238924367823
mrentabilidad_annual_delta1	0.00280048289818146	0.00534652319314269	0.00929293507832412
ccomisiones_mantenimiento_mean6	0.00273422155695407	0.00808884379160796	0.00483977204387296
mv_mpagospesos	0.0027054665958487	0.000573841800251603	0.000730261462241187
saldocuentas_mean6	0.00268605611743549	0.00588311743361076	0.0114407629084453
ccomisiones_mantenimiento_delta1	0.00267769817722996	0.00250170808451945	0.00164666800309287
cliente_edad_mean6	0.00264588723098781	0.00689069713618012	0.0104813998109912
cpayroll_trx_mean6	0.00257237999630114	0.00153822858876888	0.0015177983332856
mv_Fvencimiento	0.00256963505220347	0.00268164671826808	0.00575617858472465
mcuentas_saldo_delta1	0.00249984636108818	0.00817716612554731	0.00630029496835534
mtransferencias_recibidas	0.0024784755775363	0.00438083203891562	0.0026346688049486
thomebanking_mean6	0.00244602536120005	0.0035682667330661	0.00435293106904551
mv_status04	0.00229010881401498	0.000813814005714347	0.000386609009421805
mv_Finiciomora_mean6	0.00224685002353912	0.00237736624286834	0.00199032045591225
mcuenta_corriente_lag1	0.00220620019033837	0.00468872307967858	0.00536956957530284
ccaja_ahorro_mean6	0.00220026577920317	0.00157409486414108	0.00146052292448237
mcaja_ahorro_delta1	0.00219652719747454	0.00493597488013157	0.00380881468541482
Visa_Finiciomora_lag1	0.00219469685876962	0.00119844132136808	0.000544116383630688
mv_status02_mean6	0.00218164004933141	0.00118078503806448	0.00100231965405653
saldocuentas_delta1	0.0021716056688116	0.00288961892869718	0.005283656462098
mv_msaldopesos	0.002134529630793	0.000585684179339048	0.000758899166642802
cliente_edad	0.00209936999903872	0.00586536759235848	0.00860563017268536
tcallcenter	0.00202987378419433	0.000909418203632185	0.000644348349036341
mrentabilidad_annual	0.00202040600249402	0.00315443897570981	0.00564162776711819
numero_de_cliente	0.0020097765685126	0.0058894842902625	0.0100947908015693
mrentabilidad_annual_mean6	0.00199447013025711	0.00588148973707588	0.00786104985824336
mcomisiones	0.00199341807367176	0.00328097213057615	0.00383745238981643
mcuenta_corriente_delta1	0.00196861199938907	0.00368405940517028	0.00569890317592142
mcuenta_debitos_automaticos	0.00195312627482753	0.0065553843136008	0.00262034995274779
mv_msaldototal_mean6	0.00190353598461465	0.00327452911155227	0.00164666800309287
mcomisiones_mantenimiento	0.00188315395660616	0.00962323060511134	0.00422406139923824
mrentabilidad	0.00186508713452695	0.00365648560114142	0.00554139580171254
mcomisiones_mantenimiento_mean6	0.00186482919606904	0.00240845017171405	0.00486840974827458
mdescubierto_preacordado_mean6	0.00185625145330582	0.00277849296035188	0.00296400240556717
ctrx_quarter_mean6	0.00178786292004391	0.00190390274307044	0.00257739339614537
mpagomiscuentas	0.00178693592649982	0.00559983788145538	0.00128869669807268
mcaja_ahorro_mean6	0.00172066851933196	0.00526864803741821	0.00615710644634726
mcuentas_saldo_mean6	0.00170465050298816	0.00228039777795101	0.004911366304877
saldocuentas_lag1	0.00170342851403346	0.00306341026822335	0.00634325152495776
mcomisiones_mean6	0.00169372360876968	0.00281113901197215	0.0047109023740657
ccomisiones_otras_mean6	0.00165509206405041	0.0104263805929674	0.00657235316017068
mtransferencias_emitidas_mean6	0.00162849026487397	0.0043952832250556	0.00388040894641886
thomebanking	0.00153319836883962	0.0035265271059857	0.00154643603768722
chomebanking_trx_delta1	0.00150303055977411	0.00651697480493639	0.00428133680804147
chomebanking_trx	0.00149847898089363	0.00566799753204145	0.00379449583321401
mactivos_margen_lag1	0.00149405077590362	0.00346150690316999	0.00478249663506973
Visa_mpagospesos_mean6	0.00147095430541919	0.00509118683630265	0.00499727941808185
mrentabilidad_annual_lag1	0.00143679737738748	0.00314246923074881	0.00645780234256422
ctrx_quarter_normalizado_mean6	0.00140782722672349	0.00170393673330095	0.00299264010996879
Visa_fultimo_cierre_mean6	0.0014033174350939	0.00445123337425599	0.00571322202812223
ctransferencias_recibidas_mean6	0.00140196033498546	0.00373983438847806	0.00575617858472465
Master_fultimo_cierre_mean6	0.00138692768996744	0.00282047408341461	0.00615710644634726
mv_mpagominimo	0.00138663811928593	0.00248328450502393	0.00181849422950256
cplazo_fijo	0.00138593113602787	0.00485928285051159	0.00077321801884361
cprestamos_personales_delta1	0.00137993088069532	0.000625582673723551	0.000272058191815344
Visa_Fvencimiento	0.00135776799574955	0.00290753622128203	0.00657235316017068
mcaja_ahorro_lag1	0.00134730696174083	0.00351488137254625	0.00429565566024228
mcomisiones_otras_mean6	0.00134029754401666	0.00310133512099838	0.00495432286147942
mtransferencias_recibidas_mean6	0.00133421616074828	0.00373252491847591	0.00463930811306166
ctarjeta_visa_trx_mean6	0.00131787999509125	0.00121888951907567	0.00167530570749449
Visa_fechaalta_mean6	0.00131350351259928	0.00268356817314789	0.00504023597468427
mpasivos_margen_mean6	0.00126342572055289	0.00265641496390693	0.00439588762564793
mtarjeta_visa_debitos_automaticos_mean6	0.001261440101113	0.00316608032243865	0.0032074228929809
mv_fultimo_cierre_mean6	0.00126007189823608	0.00316908726129544	0.00498296056588104
ccallcenter_trx	0.00125811100834109	0.00450775810691326	0.00187576963830579
ccaja_ahorro_delta1	0.00124858810603212	0.00436758659312968	0.000486840974827458
Visa_Fvencimiento_mean6	0.00124808485632229	0.00292516936090551	0.00647212119476503
mv_status07	0.00124621540511147	0.000413872456424733	0.000157507374208883
mcaja_ahorro_dolares_mean6	0.00123752342934652	0.00235075335536174	0.0035940319024027
chomebanking_trx_mean6	0.00123602402546743	0.00246183273381506	0.00495432286147942
cliente_antiguedad_lag1	0.00121606535452701	0.00363293214175304	0.0054698015407085
Master_fechaalta_mean6	0.0012130335400085	0.00262065094427169	0.00549843924511011
Master_Fvencimiento_lag1	0.00120742859193206	0.00250736005860776	0.00591368595893353
mv_fechaalta	0.00120273183167781	0.002088519652418	0.00419542369483662
cliente_antiguedad_mean6	0.00119771010071896	0.00347692777925344	0.00577049743692546
Master_Fvencimiento	0.00119247103507922	0.00321700201552078	0.00589936710673272
Visa_mfinanciacion_limite	0.0011910087209159	0.00190902301757973	0.00376585812881239
cproductos_mean6	0.00118560202341912	0.00295572143890632	0.00435293106904551
mv_Fvencimiento_mean6	0.00115798018304977	0.00266782290737818	0.00599959907213838
Visa_msaldopesos	0.0011504242856558	0.00186023205572665	0.00229101635212921
ccaja_seguridad	0.0011310055095048	0.00484381425004203	0.000816174575446032
Master_Fvencimiento_mean6	0.00111421120802618	0.0021021526413964	0.00572754088032303
Visa_Fvencimiento_lag1	0.00109767867146957	0.00244278450185537	0.00538388842750365
mv_Fvencimiento_lag1	0.0010833492464309	0.00222165866403134	0.00542684498410607
mpayroll_sobre_edad_lag1	0.00107586529273285	0.00109296271350166	0.000658667201237149
ccallcenter_trx_mean6	0.00103042711022492	0.00290464613531992	0.00319310404078009
mcomisiones_otras	0.0010220059906924	0.00425165800862955	0.00376585812881239
Visa_cconsumos_mean6	0.00101442537922433	0.00367658399649439	0.00458203270425843
ccaja_seguridad_mean6	0.00101413469650577	0.000234743019517638	0.000186145078610499
Visa_mconsumospesos_mean6	0.00100986849545798	0.00198576511620701	0.00443884418225035
cliente_antiguedad	0.00099521243769528	0.00306410790647612	0.00494000400927862
Master_fechaalta_lag1	0.000989929616503759	0.00233151029294465	0.00514046794008992
ctarjeta_visa_debitos_automaticos_mean6	0.000981677656753248	0.00373473763581359	0.0032074228929809
mvr_mpagominimo	0.000981043384786659	0.00234667386576098	0.00186145078610499
internet_mean6	0.000978857613149525	0.00330958218153704	0.00327901715398494
Visa_fechaalta	0.000967351875700109	0.00179337578762213	0.00412382943383258
Visa_delinquency_mean6	0.000955498452097222	0.000448802925411265	0.000544116383630688
Visa_msaldototal	0.0009488610053826	0.00170962523810003	0.00168962455969529
Master_mfinanciacion_limite	0.000941432871862069	0.00218659810638536	0.00416678599043501
Master_fechaalta	0.000940643291459087	0.00228210965394982	0.0047252212262665
mv_fechaalta_mean6	0.000935462936522193	0.0020323903287791	0.00439588762564793
mpayroll_mean6	0.000929999989012981	0.00237294489237182	0.00157507374208883
mv_status01_mean6	0.000925998771556098	0.00101580085204883	0.000787536871044417
cpayroll_trx_lag1	0.000916915308077951	0.000442673631828896	0.000128869669807268
Visa_mpagominimo_mean6	0.000913968863997864	0.00222406568239584	0.0030212778143704
Visa_mpagominimo	0.000891051061998068	0.00180838128759064	0.0026489876571494
mvr_mpagominimo_mean6	0.000866396467993673	0.00221690475549087	0.00282081388355909
mrentabilidad_lag1	0.000858747323665957	0.00186596208301063	0.00451043844325439
Visa_mfinanciacion_limite_mean6	0.000852678625464766	0.00139022914116889	0.00290672699676394
mvr_msaldopesos	0.00083954725511287	0.00114691448912069	0.00124574014147026
Visa_delinquency	0.000835851266898734	0.000285410510283255	0.000200463930811306
ctransferencias_emitidas_mean6	0.000835144892129538	0.00193360311851657	0.00243420487413729
mpasivos_margen_delta1	0.000834897480629766	0.00175053048256936	0.0035940319024027
mactivos_margen_delta1	0.000834567161063196	0.00247962061843693	0.0037801769810132
mv_cconsumos_mean6	0.000829474042447889	0.00446858931914873	0.00296400240556717
mpasivos_margen_lag1	0.000828661209268996	0.0030039339600225	0.00398064091182451
internet	0.000820691615819435	0.00132997562886078	0.00136029095907672
mrentabilidad_delta1	0.000819489545729014	0.00223103858580814	0.0043386122168447
mv_mlimitecompra_mean6	0.000818576363671286	0.00120412180907535	0.00230533520433002
Visa_fechaalta_lag1	0.00081516260251008	0.00190711994150471	0.00336493026718978
Visa_mlimitecompra_mean6	0.000804672105193414	0.00177083641471391	0.0033935679715914
Visa_mlimitecompra	0.00079247880720296	0.00163548491266171	0.00333629256278817
mtarjeta_master_consumo	0.000788813705224831	0.00122780626471848	0.000572754088032303
mcaja_ahorro_dolares	0.000780298893487313	0.00314122242170753	0.00230533520433002
mv_fechaalta_lag1	0.000763647762796426	0.0018698864494483	0.00386609009421805
mv_mpagominimo_mean6	0.000732600538889427	0.0015443534200077	0.00216214668232195
ctrx_quarter_lag1	0.000728798935847728	0.00169720956131571	0.00299264010996879
ccomisiones_mantenimiento	0.000721155183264386	0.00333050300949631	0.00126005899367107
Master_mfinanciacion_limite_mean6	0.000715797234120324	0.00176729263323808	0.00319310404078009
mpayroll_lag1	0.000710225082883486	0.00146287095113648	0.0009450442452533
ctarjeta_debito_mean6	0.000707717679292259	0.00466606133267095	0.00279217617915748
cmobile_app_trx_mean6	0.000706679240070752	0.00261685356554287	0.00352243764139867
Visa_msaldototal_mean6	0.000695151821658826	0.0015274691221384	0.00217646553452275
mvr_Master_mlimitecompra	0.000688480032751917	0.00298735514360408	0.0033935679715914
mv_mpagominimo_delta1	0.000684722630431201	0.00337201785547445	0.00178985652510095
ccajas_consultas_mean6	0.000670827881579158	0.00556967508620468	0.0024485237263381
mvr_msaldopesos2_mean6	0.000670821503175576	0.00174508922185618	0.00323606059738251
mcomisiones_mantenimiento_lag1	0.000670686421434137	0.00359755059790317	0.0024628425785389
mcaja_ahorro_dolares_lag1	0.000654554563348375	0.00188545949901012	0.00250579913514133
mvr_mpagominimo_lag1	0.000645551327876324	0.000957261862892481	0.00117414588046622
ccallcenter_trx_delta1	0.000639037943097137	0.000833466771775762	0.00101663850625734
mcomisiones_otras_lag1	0.000633444087899013	0.00126234245918076	0.00346516223259544
mvr_Visa_mlimitecompra_mean6	0.000630550412871109	0.00220511857167899	0.00319310404078009
ctrx_quarter_normalizado_lag1	0.000628803775484654	0.00118513189011359	0.00286377044016152
tcallcenter_mean6	0.00062605100731504	0.00294426985522781	0.00194736389930983
mv_mfinanciacion_limite	0.000625129262398486	0.000815792412199139	0.00171826226409691
ccajas_trx_mean6	0.000624430048230907	0.00203474258889392	0.0024485237263381
mvr_Master_mlimitecompra_mean6	0.000612462720142941	0.00136122186599903	0.00299264010996879
Visa_mpagospesos	0.000604519079264901	0.00170439272430549	0.00243420487413729
Visa_mpagospesos_lag1	0.000603979640549378	0.00173890199344059	0.00310719092757525
mv_mfinanciacion_limite_mean6	0.000600367630713167	0.00119774360748238	0.00224805979552679
ctarjeta_master	0.00059765887598008	0.000153283240528885	0.000157507374208883
mvr_Visa_mlimitecompra_lag1	0.000596011398683562	0.00155196988411956	0.00270626306595263
mvr_mpagospesos	0.00059156619396393	0.00129394689393015	0.00115982702826541
Master_msaldopesos	0.00059072294361478	0.00288737036134521	0.00123142128926945
Master_mlimitecompra	0.000590059946238876	0.0019065456605796	0.00282081388355909
mautoservicio_mean6	0.00058105867354206	0.00188994241472106	0.00277785732695667
mvr_msaldototal_lag1	0.000580955470523371	0.00117399652776366	0.00120278358486784
tpaquete7_mean6	0.000563342575342418	0.00358285640312203	0.000902087688650878
ccajas_extracciones_mean6	0.000558583252618758	0.00432261396033023	0.00180417537730176
mvr_msaldopesos2	0.000558137631191506	0.00172837056012885	0.00223374094332598
Master_mlimitecompra_mean6	0.000555377617260534	0.00137903198670572	0.00266330650935021
mcomisiones_lag1	0.000555190204510126	0.000927981552803665	0.00284945158796071
chomebanking_trx_lag1	0.000552254925900869	0.00112181531930607	0.00309287207537444
mv_fultimo_cierre	0.000551065575764188	0.00124444067134893	0.00266330650935021
mvr_Master_mlimitecompra_lag1	0.000548912947394085	0.00352034698706661	0.00290672699676394
mvr_msaldopesos_lag1	0.000548279003517812	0.0017927149826119	0.00123142128926945
mvr_Visa_mlimitecompra	0.000532733239525448	0.00159037939278397	0.00287808929236232
mv_status05_mean6	0.000531010294830322	0.000248369504063061	0.000443884418225035
mvr_mconsumospesos_mean6	0.000529768497606573	0.00151708048382028	0.00239124831753487
mvr_mpagospesos_mean6	0.000529602834418126	0.0013119732492167	0.00240556716973567
mtransferencias_recibidas_lag1	0.000526348469635437	0.00186560751578069	0.00177553767290014
mcomisiones_delta1	0.000523758623776311	0.00146615296700165	0.00229101635212921
Master_mfinanciacion_limite_lag1	0.000521855054371875	0.00375344302364928	0.00267762536155102
Visa_mpagado_mean6	0.000521370844699378	0.00220867331993135	0.00199032045591225
cprestamos_personales_lag1	0.000519662130551043	0.000263468486347319	0.000300695896216959
Visa_mlimitecompra_lag1	0.000519042717412272	0.00123064983642154	0.00267762536155102
ccomisiones_otras	0.000518290057801507	0.00155832010152417	0.00201895816031387
tmobile_app	0.000505955749091805	0.000509813069666541	0.000988000801855723
cplazo_fijo_mean6	0.000501619611524133	0.00209168307583083	0.000587072940233111
Visa_mfinanciacion_limite_lag1	0.000501312726252727	0.00123731143464647	0.00229101635212921
Visa_mpagominimo_delta1	0.000500602490395755	0.0014103414529831	0.00181849422950256
Visa_fultimo_cierre	0.000499964086914616	0.00118245357638779	0.00247716143073971
mtarjeta_visa_debitos_automaticos	0.000499592064607823	0.00284423855870989	0.00186145078610499
mcomisiones_otras_delta1	0.000499405314579839	0.00309809485451694	0.0026346688049486
Master_fultimo_cierre_lag1	0.000498348079736401	0.00144209828810969	0.00259171224834617
mcuenta_debitos_automaticos_mean6	0.000494337199507673	0.00221046718203879	0.00203327701251468
Visa_mconsumospesos	0.000493780017665239	0.00119693804102204	0.00221942209112518
mpayroll_sobre_edad_mean6	0.000491710293175374	0.00136289486666589	0.00115982702826541
mvr_mpagominimo_delta1	0.000484802501343804	0.00134143719608757	0.00140324751567914
Master_mpagospesos_mean6	0.000484763142350389	0.00193898946971419	0.00260603110054698
cproductos_lag1	0.000484591340509132	0.00116405193044532	0.00178985652510095
ctarjeta_debito_trx_mean6	0.00048309080187788	0.00270265588550306	0.00256307454394456
Master_mpagospesos	0.000481350950031697	0.00127402555529333	0.00143188522008076
ccajas_depositos_mean6	0.000480889954282668	0.00455383921610391	0.00134597210687591
mvr_msaldopesos_mean6	0.000475164446320492	0.000867973393757906	0.00190440734270741
cliente_vip_lag1	0.000468499020594819	0.000159303471409554	0.000186145078610499
Visa_mconsumosdolares_mean6	0.000464175810314224	0.00106627510064882	0.00229101635212921
Master_mconsumospesos_mean6	0.000461879201763677	0.00138115598660298	0.00204759586471548
ccomisiones_otras_lag1	0.000460619948561078	0.00125955319192973	0.00229101635212921
ccajas_consultas	0.000453501987704533	0.00510350456842768	0.000988000801855723
mvr_msaldototal_mean6	0.00045307276127105	0.00116675694259949	0.00177553767290014
tmobile_app_mean6	0.000452816608926125	0.00101128216195655	0.00173258111629772
Master_cconsumos_mean6	0.000450743128753588	0.00149853362263006	0.00236261061313325
mvr_msaldototal	0.000434705892581416	0.00065852543337348	0.000988000801855723
mv_fultimo_cierre_lag1	0.00043284866774924	0.00105094097554931	0.00224805979552679
mv_mpagospesos_mean6	0.000432087325358578	0.00216537951153525	0.00178985652510095
cmobile_app_trx_lag1	0.000431407523654772	0.00122498220631433	0.00214782783012114
mv_msaldopesos_mean6	0.000430404585234416	0.00100328541541463	0.00127437784587187
mpayroll_delta1	0.000428326136165045	0.00532873840947142	0.00154643603768722
ccaja_seguridad_lag1	0.000427409530334684	0.000162010676919023	0.000114550817606461
Master_msaldototal	0.000424110943822175	0.000734534800063123	0.00083049342764684
cmobile_app_trx_delta1	0.000419474794197551	0.00172746432622332	0.00237692946533406
mvr_msaldopesos2_lag1	0.000416836440768223	0.000950263093014172	0.00196168275151064
internet_delta1	0.000409113086062064	0.000849635430752215	0.000873449984249263
mpayroll_sobre_edad_delta1	0.000405793251704336	0.00399222416154866	0.00118846473266703
Visa_mpagominimo_lag1	0.000405751859329932	0.00101785065603044	0.00181849422950256
ccuenta_debitos_automaticos_mean6	0.000403651403666253	0.00364199198492124	0.00194736389930983
Visa_mconsumototal_mean6	0.00040181809798059	0.000865701380194057	0.00187576963830579
mtransferencias_emitidas_delta1	0.000401258193915132	0.00177415768407574	0.00203327701251468
Master_fultimo_cierre	0.000397894179740905	0.00112981040192327	0.00214782783012114
Visa_mpagospesos_delta1	0.000393321781952733	0.00134371737800911	0.00220510323892437
Visa_fultimo_cierre_lag1	0.000387882565684818	0.000900290366449537	0.00203327701251468
mtarjeta_visa_debitos_automaticos_delta1	0.000387139130981809	0.00178464888066258	0.00178985652510095
mforex_sell_mean6	0.000385890500936314	0.00204913531077008	0.00117414588046622
Master_mfinanciacion_limite_delta1	0.000385214822355915	0.00587525637256596	0.00088776883645007
Visa_cconsumos	0.000383678317722952	0.00138046500404907	0.0018900884905066
Visa_msaldopesos_mean6	0.000378268482022508	0.00113866172507165	0.00174689996849853
mcomisiones_mantenimiento_delta1	0.000377683296609493	0.00186227346445174	0.00144620407228157
mv_cconsumos	0.000373893729137056	0.00079705072055151	0.00077321801884361
mprestamos_prendarios	0.00037273163613967	0.0098434714618864	0.00108823276726138
ctarjeta_visa_trx_lag1	0.000365238961121656	0.00146815519786303	0.00177553767290014
Visa_cconsumos_lag1	0.00035616281553052	0.000959638703713304	0.00197600160371145
Master_mpagominimo	0.000350611959475288	0.00116519013058255	0.00108823276726138
mtransferencias_emitidas	0.000344986862625046	0.00374853852992221	0.00157507374208883
Master_mlimitecompra_lag1	0.000344481793601272	0.000916499715948538	0.00184713193390418
mv_mpagospesos_delta1	0.000342843359968205	0.0011058305240105	0.00128869669807268
mv_mpagominimo_lag1	0.000340963228442564	0.000668047923245082	0.00101663850625734
Master_mpagominimo_mean6	0.000340379313640707	0.000920311843100959	0.00123142128926945
Visa_mconsumospesos_lag1	0.000338828794347595	0.00128426156633541	0.00209055242131791
mv_mlimitecompra	0.000336336215362035	0.000611343562351656	0.00133165325467511
mtarjeta_visa_debitos_automaticos_lag1	0.000331022406601646	0.00224926892313802	0.0015034794810848
mtransferencias_recibidas_delta1	0.000330203589299671	0.00196370434855285	0.00201895816031387
active_quarter_mean6	0.000324901689244892	0.000686757243993733	0.00124574014147026
mpagomiscuentas_mean6	0.000324245655618821	0.000860769431709201	0.00144620407228157
cmobile_app_trx	0.000313123535571846	0.000875386934687618	0.00133165325467511
Visa_msaldopesos_lag1	0.000308864841711005	0.00103817466444802	0.00144620407228157
cseguro_accidentes_personales_mean6	0.000305101594432306	0.00186279389472248	0.00114550817606461
cextraccion_autoservicio_mean6	0.000301414666551563	0.00093410426632012	0.00148916062888399
mplazo_fijo_dolares	0.000300269095383974	0.0018796980840554	0.000329333600618574
Visa_msaldototal_lag1	0.000298931428624544	0.000515517381750399	0.00140324751567914
mv_cconsumos_delta1	0.000298236558665987	0.00186045328208065	0.00107391391506057
mvr_mconsumosdolares_mean6	0.000297571637902909	0.00107507794308167	0.00147484177668318
mtarjeta_visa_consumo_mean6	0.000295098831253853	0.000612381019410755	0.000916406540851685
mvr_mpagospesos_delta1	0.000295070449250066	0.00105919865573955	0.00143188522008076
mtarjeta_visa_consumo_delta1	0.00029386944717007	0.000723825024275232	0.00133165325467511
mvr_mpagado_mean6	0.000290712332006195	0.000852978482401207	0.00107391391506057
mv_status07_mean6	0.000285056267559136	0.000155555783523326	0.000372290157220997
matm_mean6	0.000278642555839316	0.000831542064679463	0.00126005899367107
ctarjeta_visa_trx_delta1	0.000277949349342336	0.00131481356870328	0.00105959506285976
mtarjeta_visa_consumo_lag1	0.000264414414294081	0.00214875206313542	0.00137460981127753
ctarjeta_visa_descuentos_mean6	0.00026024348617538	0.0057526108265277	0.000988000801855723
Visa_mconsumosdolares	0.000260079969767924	0.00110672942152069	0.00103095735845815
mv_mlimitecompra_lag1	0.000257735470959772	0.000437445580377913	0.00120278358486784
catm_trx_mean6	0.000256405657101748	0.000840898464611443	0.00126005899367107
mtransferencias_emitidas_lag1	0.000254268348725751	0.000810476097105379	0.00111687047166299
cpagomiscuentas_mean6	0.00024396445919402	0.000872909880219254	0.00140324751567914
Visa_mconsumototal	0.000242401844397843	0.000488263580697195	0.00103095735845815
ctransferencias_recibidas_lag1	0.000242232709227176	0.00100993786205362	0.00105959506285976
mcuenta_debitos_automaticos_lag1	0.000241127495870786	0.000538401640872035	0.000873449984249263
Visa_mconsumosdolares_lag1	0.000239912670350883	0.000734925368573233	0.00117414588046622
ctransferencias_recibidas	0.000239800837908105	0.0022443031667283	0.000973681949654916
mplazo_fijo_dolares_mean6	0.000239133089400567	0.000796486650073507	0.000601391792433919
mv_mconsumospesos	0.00023828193969038	0.00063662742780952	0.000544116383630688
mv_mfinanciacion_limite_delta1	0.000236676721029311	0.00148002783012709	0.00047252212262665
mvr_mconsumospesos	0.00023640129487836	0.000769762960307554	0.000988000801855723
Master_msaldopesos_mean6	0.000232486119028641	0.000770276281081784	0.00111687047166299
ccheques_depositados_mean6	0.000232049119507152	0.00180618460443657	0.000544116383630688
mv_msaldopesos_lag1	0.000230807424589141	0.000636334879591645	0.00077321801884361
mvr_msaldodolares_mean6	0.000227738967830856	0.00128271010780561	0.000801855723245225
ccajas_otras_mean6	0.000226182035943317	0.00107568035946103	0.000916406540851685
ccuenta_debitos_automaticos	0.000225482687089018	0.000752906570993682	0.000644348349036341
mextraccion_autoservicio_mean6	0.000225236190015399	0.000738449258585446	0.00124574014147026
Master_mpagospesos_lag1	0.000222768184654599	0.000822647555121464	0.00136029095907672
mvr_mconsumosdolares	0.00022205001808768	0.00069199679165183	0.000744580314441994
ctarjeta_debito_trx_delta1	0.000221588974689869	0.00202672443822954	0.00117414588046622
Visa_msaldototal_delta1	0.000220092633533015	0.000802463997076323	0.00128869669807268
Visa_status	0.000219263044927319	9.77666949823391e-05	0.000114550817606461
minversion1_pesos	0.00021689836128962	0.00456819926454933	0.000443884418225035
Visa_cconsumos_delta1	0.000216125260035143	0.00110573288188297	0.00128869669807268
Master_mpagospesos_delta1	0.000216026095958202	0.000919504990880614	0.00103095735845815
mv_status04_delta1	0.000215831351197387	0.00129257990414476	0.000572754088032303
cforex_sell_mean6	0.000215436770030692	0.00113573949510939	0.00088776883645007
Master_mpagominimo_delta1	0.000215270553806279	0.000755298538402814	0.000816174575446032
mprestamos_hipotecarios_mean6	0.000213691423111767	0.00615832619457444	0.000601391792433919
mv_mconsumosdolares_mean6	0.000212440897755712	0.000891818645034745	0.00104527621065895
Master_delinquency	0.000209696284613975	0.000210770478000188	0.000171826226409691
mautoservicio_delta1	0.000208164320913079	0.000815304957890917	0.00120278358486784
Visa_mconsumototal_lag1	0.000206383932533781	0.000898593163241389	0.00100231965405653
mv_mconsumospesos_mean6	0.00020551668804677	0.000744026204795752	0.00100231965405653
mv_mfinanciacion_limite_lag1	0.000202999108103323	0.000430828756854379	0.000988000801855723
mcheques_depositados_mean6	0.000199960924749615	0.00199575463949262	0.000587072940233111
Master_msaldototal_mean6	0.000197549012168543	0.000652577280686098	0.00101663850625734
ctarjeta_debito_trx_lag1	0.000196908989452672	0.000929323583718343	0.0009450442452533
tpaquete7	0.000194655237899718	0.000477936810125261	0.000157507374208883
mvr_mconsumospesos_lag1	0.000193531670088771	0.000364234254360528	0.000873449984249263
mvr_mpagospesos_lag1	0.000193356689842142	0.000723026113513749	0.00103095735845815
mextraccion_autoservicio_lag1	0.000193273653970345	0.000509022932326276	0.00088776883645007
Master_mconsumototal_mean6	0.000190118189837599	0.000532063146573368	0.00077321801884361
ccomisiones_otras_delta1	0.000189495828558124	0.000598371454016433	0.00101663850625734
mtarjeta_master_consumo_lag1	0.000188159688469958	0.000497316995065368	0.000644348349036341
mv_cconsumos_lag1	0.000188041888577773	0.00206799544360416	0.000844812279847647
mvr_msaldototal_delta1	0.000187599997377941	0.000973699472609048	0.000959363097454108
mvr_mconsumototal_mean6	0.000186611161719592	0.000586941879523911	0.000973681949654916
ccallcenter_trx_lag1	0.000186344224322156	0.00174144545363162	0.000902087688650878
Master_msaldototal_delta1	0.000183818223701363	0.00159666494402356	0.000930725393052493
mvr_msaldopesos2_delta1	0.000182262837872514	0.000474050789588956	0.000988000801855723
mv_mpagado_mean6	0.000181270158991649	0.000612256678854864	0.000687304905638764
Visa_msaldopesos_delta1	0.000178703835895823	0.00108641025361137	0.00128869669807268
mv_fultimo_cierre_delta1	0.000177324075829687	0.000334184605990371	0.000644348349036341
mvr_msaldodolares2_mean6	0.000175398140450454	0.000539138003190865	0.000801855723245225
Master_fultimo_cierre_delta1	0.000175344183200715	0.00020268607287902	0.000572754088032303
internet_lag1	0.000174111751159172	0.000588886931881484	0.000816174575446032
Visa_mpagosdolares_mean6	0.000173785258637229	0.000550955650306427	0.000973681949654916
mv_mconsumototal_mean6	0.000169646369235141	0.000493576567941527	0.000730261462241187
matm_other_mean6	0.000169243310813362	0.00052478536677372	0.00077321801884361
mautoservicio_lag1	0.000167593642640632	0.000399720096036785	0.000744580314441994
ccaja_ahorro_lag1	0.000166966987963262	0.000244337663215468	0.000343652452819382
Visa_msaldodolares_mean6	0.000166810130501607	0.00071963700140336	0.000744580314441994
mplazo_fijo_dolares_delta1	0.000163025418949886	0.00275659752630793	0.000529797531429881
Visa_mconsumospesos_delta1	0.000161874381508502	0.000489288633953881	0.00117414588046622
mv_msaldototal_lag1	0.000161459683578844	0.000328402694508493	0.000644348349036341
mvr_mconsumospesos_delta1	0.000159244193578857	0.00107098007467611	0.000959363097454108
mvr_msaldopesos_delta1	0.000158198938807849	0.000716464123872832	0.000801855723245225
mpagomiscuentas_lag1	0.00015724077307212	0.000450587938464541	0.000644348349036341
mdescubierto_preacordado_lag1	0.000154960032643626	0.000209280055254208	0.000300695896216959
mv_mpagospesos_lag1	0.000154606947068993	0.000389911864912047	0.000758899166642802
Master_mlimitecompra_delta1	0.000153236977094914	0.000887496146792815	0.000372290157220997
mcuenta_debitos_automaticos_delta1	0.000151701235289666	0.000846225822114668	0.000902087688650878
Master_mconsumospesos	0.000149545427383738	0.000329519793055033	0.000687304905638764
mextraccion_autoservicio_delta1	0.000149424190497031	0.000861975096430284	0.000801855723245225
ccajas_trx_lag1	0.000149157200479079	0.000377142150328384	0.00035797130502019
mv_msaldodolares_mean6	0.000148024038709273	0.000869829728675054	0.000515478679229073
catm_trx_other_mean6	0.000147405510491166	0.000383409549662004	0.000715942610040379
ctarjeta_debito	0.000146702482971005	0.00061385011366722	0.000658667201237149
cseguro_vida_mean6	0.000145805091886121	0.000440631466774385	0.000558435235831496
mvr_mconsumosdolares_lag1	0.000145165109237602	0.000941079816885376	0.000615710644634726
Visa_mconsumosdolares_delta1	0.000144123665937664	0.000412088502232639	0.00077321801884361
Visa_mlimitecompra_delta1	0.000143960036088544	0.000181389500466182	0.000315014748417767
matm_lag1	0.000143850414166087	0.000697016549981813	0.00077321801884361
ctransferencias_recibidas_delta1	0.000143338039852765	0.000780608345959625	0.000730261462241187
ccajas_otras	0.000143148120903207	0.00134606116723448	0.000200463930811306
mextraccion_autoservicio	0.000139316609532414	0.000696092391069141	0.00047252212262665
cforex_mean6	0.000138754170723215	0.000608897668655207	0.000730261462241187
mv_msaldototal_delta1	0.000136974315279333	0.000632745491452058	0.00077321801884361
mtarjeta_master_consumo_delta1	0.000134915362390445	0.000316788273106848	0.000529797531429881
Visa_mpagado	0.000133067240166797	0.000765988876524728	0.000529797531429881
ctarjeta_debito_lag1	0.000132788245042516	0.000504613607467459	0.000558435235831496
ctarjeta_visa_debitos_automaticos_lag1	0.000130992615167269	0.000702166926401835	0.000587072940233111
mvr_mconsumototal	0.000130261239945984	0.000410855760918485	0.000458203270425843
ccajas_consultas_delta1	0.000130060603476848	0.000801944701299713	0.000587072940233111
thomebanking_lag1	0.000128999232174928	0.000719384236112735	0.000486840974827458
cextraccion_autoservicio_lag1	0.000128369382251312	0.000847127593676645	0.000601391792433919
mvr_mpagosdolares_mean6	0.00012630566891414	0.000429879714703941	0.000572754088032303
Master_msaldopesos_lag1	0.000125376858654189	0.000462190334228482	0.000587072940233111
ctarjeta_debito_trx	0.000124809455442342	0.000334327098452232	0.000529797531429881
Master_mpagominimo_lag1	0.000124053647834762	0.000409303243527502	0.000615710644634726
Master_cconsumos	0.000123505644708722	0.000319249293391605	0.000400927861622612
ctransferencias_emitidas	0.000122061482671782	0.000384818591362887	0.000558435235831496
ctarjeta_visa_debitos_automaticos_delta1	0.00012188070107782	0.000609723882908586	0.000601391792433919
ctransferencias_emitidas_delta1	0.000120620783502269	0.000732899388968212	0.000758899166642802
mv_status06_mean6	0.00011925030118847	0.000207672174550018	0.000300695896216959
mv_msaldopesos_delta1	0.000118748425678535	0.000553623526686295	0.000601391792433919
tmobile_app_lag1	0.000117162243409344	0.000276199249966089	0.000558435235831496
mv_mconsumospesos_lag1	0.000113658865704441	0.000293642702172192	0.000515478679229073
Master_msaldopesos_delta1	0.00011319259740166	0.000315925679408589	0.000572754088032303
tpaquete9	0.000113094651368408	0.000488461209573438	0.000229101635212921
mv_mconsumospesos_delta1	0.00011218179167842	0.000681879599960902	0.000529797531429881
Master_mconsumospesos_lag1	0.000109890475135212	0.000330217960738385	0.000515478679229073
mv_mconsumosdolares	0.00010654262754847	0.000779942473542311	0.000386609009421805
Master_mpagosdolares_mean6	0.00010349713191648	0.00142402118311937	0.000429565566024228
Visa_mconsumototal_delta1	0.000100189987848992	0.00039197724927961	0.000572754088032303
Visa_msaldodolares_delta1	9.77272965326192e-05	0.000315409787114347	0.000443884418225035
mv_mconsumosdolares_lag1	9.59715124391061e-05	0.000529504484161083	0.00041524671382342
ctarjeta_visa_debitos_automaticos	9.58733128179467e-05	0.000250725545824961	0.000529797531429881
Visa_mfinanciacion_limite_delta1	9.50825465051081e-05	0.000173632132184232	0.00035797130502019
Master_msaldototal_lag1	9.49606585490346e-05	0.000209868782071152	0.000486840974827458
ccajas_trx	9.46343086193313e-05	0.000507625084300741	0.000214782783012114
mtarjeta_master_consumo_mean6	9.42944671651051e-05	0.000156939639454676	0.00041524671382342
mttarjeta_master_debitos_automaticos_mean6	9.39415813982643e-05	0.000336835540591334	0.00041524671382342
Visa_fechaalta_delta1	9.25606899282019e-05	0.000204656537904951	0.000171826226409691
ctarjeta_master_trx_mean6	9.22227952119379e-05	0.000511506113062904	0.000501159827028265
ccajas_otras_delta1	9.17374810195456e-05	0.000381338644089708	0.000143188522008076
ctarjeta_master_trx_delta1	9.15228739092e-05	0.000227426893816629	0.000300695896216959
catm_trx_lag1	9.11933895790815e-05	0.000419179241767859	0.000329333600618574
Master_delinquency_mean6	9.04381359632864e-05	4.05099867168497e-05	0.000157507374208883
thomebanking_delta1	8.80541808483601e-05	0.000313687322503724	0.000529797531429881
ccajas_trx_delta1	8.80528261295484e-05	0.000372994742346118	0.000315014748417767
mv_mconsumosdolares_delta1	8.64644959233034e-05	0.000358529110314313	0.000458203270425843
mpagomiscuentas_delta1	8.61607123310474e-05	0.000377302189632682	0.000544116383630688
ctarjeta_master_debitos_automaticos_mean6	8.53248320724713e-05	0.000390026751350245	0.00047252212262665
mcheques_emitidos_mean6	8.3754173913868e-05	0.000964903134609168	0.000329333600618574
mvr_msaldodolares_lag1	8.11451202012741e-05	0.000733629700651718	0.000315014748417767
tpaquete9_mean6	8.09613524067719e-05	0.000424917891207177	0.000286377044016152
Master_cconsumos_delta1	8.00318418788978e-05	0.000308425463127873	0.000300695896216959
cpagomiscuentas	7.90319694900644e-05	0.000124857885211233	0.000257739339614537
mvr_mconsumototal_delta1	7.88953395356661e-05	0.000697348654228114	0.00047252212262665
Master_mconsumospesos_delta1	7.65316018497357e-05	0.00018757128330998	0.000429565566024228
matm_delta1	7.56557246100066e-05	0.000276994303447553	0.000544116383630688
mv_status01_delta1	7.50807590869042e-05	0.000179115293547028	0.000157507374208883
ctransferencias_emitidas_lag1	7.46660216996001e-05	0.000325932749536635	0.000429565566024228
mv_status04_mean6	7.42063977219871e-05	0.000134249151929264	0.000315014748417767
mvr_mconsumototal_lag1	7.41154499955197e-05	0.000211264739273149	0.000343652452819382
mv_mconsumototal_lag1	7.39779131787785e-05	0.000242924764234567	0.000329333600618574
Master_mpagado_mean6	7.25719073489373e-05	0.000280049874285753	0.000300695896216959
cseguro_vivienda_mean6	7.13821122100683e-05	0.000226467943750848	0.000272058191815344
Visa_fultimo_cierre_delta1	7.07606671251874e-05	0.000154044486085481	0.00041524671382342
Master_mconsumosdolares_mean6	6.96912301465809e-05	0.000254841112338839	0.000272058191815344
Master_mconsumototal_lag1	6.96126821801315e-05	0.000136063813095623	0.00035797130502019
Visa_mpagosdolares	6.91216360437552e-05	0.000341490218712506	0.000257739339614537
Master_cconsumos_lag1	6.90905987509567e-05	0.000220617130659228	0.000315014748417767
mforex_buy_mean6	6.90011343207321e-05	0.000785750856553727	0.000400927861622612
Master_Finiciomora_mean6	6.85295346934083e-05	0.000170943305479557	0.000315014748417767
ccuenta_debitos_automaticos_lag1	6.75828843600289e-05	0.000482469870476437	0.00035797130502019
ctarjeta_debito_delta1	6.72753191228775e-05	0.00305767759378642	0.000300695896216959
mv_mpagado_lag1	6.68673919150606e-05	0.000268921092001734	0.000272058191815344
mvr_mconsumosdolares_delta1	6.6148688561744e-05	0.000455057391511883	0.000343652452819382
ccomisiones_mantenimiento_lag1	6.57468221660276e-05	0.000304268827926739	0.000214782783012114
Visa_mpagado_delta1	6.57287333019216e-05	0.000241395314890753	0.000400927861622612
mv_mconsumototal_delta1	6.49375536404819e-05	0.000410226419211934	0.000372290157220997
mvr_mpagado	6.41190706697875e-05	0.000390539467060942	0.00035797130502019
cextraccion_autoservicio	6.40124962001567e-05	0.000220833062707324	0.000186145078610499
tcuentas_lag1	6.35407308498472e-05	0.00456161677838126	0.000501159827028265
Visa_mpagado_lag1	6.33220594198557e-05	0.000251619905358667	0.000315014748417767
Visa_Fvencimiento_delta1	6.25944576964106e-05	0.000287106276465515	0.000272058191815344
Master_Fvencimiento_delta1	6.24080355857866e-05	0.000357745250508196	0.000272058191815344
cextraccion_autoservicio_delta1	6.05696002177634e-05	0.000173769254707243	0.000286377044016152
mvr_mpagado_lag1	6.04892476990219e-05	0.000380718151437318	0.000315014748417767
matm	6.0205753907688e-05	0.000188697004011855	0.000286377044016152
cpagomiscuentas_delta1	5.95143971960686e-05	0.000313583402842049	0.000386609009421805
ccuenta_debitos_automaticos_delta1	5.79654969482017e-05	0.000708896140476497	0.000386609009421805
tcallcenter_lag1	5.64244798765529e-05	0.000585960163942727	0.000243420487413729
mvr_msaldodolares2	5.62569762621154e-05	9.38812038766252e-05	0.000157507374208883
ctarjeta_master_mean6	5.57576470016847e-05	4.5209061374705e-05	0.000143188522008076
tmobile_app_delta1	5.49190833900534e-05	0.000268023102086834	0.000286377044016152
cpayroll_trx_delta1	5.36460669836831e-05	0.000159416391391273	0.000171826226409691
mv_mconsumototal	5.32090349468328e-05	6.79081710554528e-05	0.000214782783012114
mvr_mpagado_delta1	5.00133443415577e-05	0.000225663738683458	0.000272058191815344
Visa_delinquency_delta1	4.9166783650122e-05	0.00010375115148166	0.000100231965405653
Visa_delinquency_lag1	4.87612022464744e-05	1.39447479634222e-05	1.43188522008076e-05
mv_mpagado_delta1	4.7543861616978e-05	0.000320566214169692	0.000229101635212921
ctarjeta_master_descuentos_mean6	4.73034570026721e-05	9.75779907931978e-05	0.000157507374208883
mvr_msaldodolares2_delta1	4.72043732982602e-05	0.0011465925953215	0.00035797130502019
mv_Fvencimiento_delta1	4.65410309465177e-05	0.000272595340301727	0.000257739339614537
mvr_mpagosdolares_delta1	4.62499428037633e-05	0.000474065008581966	0.000157507374208883
mv_mpagosdolares_mean6	4.53549652166933e-05	0.000137877566666684	0.000200463930811306
mvr_msaldodolares_delta1	4.52246169882838e-05	0.000559931843441289	0.000272058191815344
ccajas_extracciones_lag1	4.50809768017893e-05	5.26413592739184e-05	8.59131132048455e-05
Visa_msaldodolares_lag1	4.40188318341922e-05	0.00013446463017971	0.000157507374208883
mv_mpagado	4.35589282882968e-05	0.000179529383901957	0.000171826226409691
catm_trx	4.30988908629904e-05	0.000126972430990797	0.000171826226409691
ctarjeta_visa_mean6	4.29303706790094e-05	9.3713676911115e-05	0.000100231965405653
Master_mconsumototal	4.27352000519157e-05	9.11707461506706e-05	0.000186145078610499
mv_msaldodolares_delta1	4.20457365087158e-05	0.000168617743793098	0.000200463930811306
mttarjeta_master_debitos_automaticos_lag1	4.11851151333064e-05	0.000223242803857717	0.000272058191815344
Master_status_delta1	4.05998471587684e-05	6.54535039377851e-06	2.86377044016152e-05
active_quarter_lag1	4.04173151257887e-05	0.000117094768825725	0.000186145078610499
mvr_mpagosdolares_lag1	4.03836515186161e-05	0.000252769223538303	0.000171826226409691
mforex_sell_lag1	3.88756047350585e-05	0.000144681430454645	0.000186145078610499
ctarjeta_master_trx_lag1	3.85463277000242e-05	0.000104255018138197	0.000272058191815344
mforex_sell_delta1	3.85166007292644e-05	0.00022737485835285	0.000243420487413729
mcheques_depositados_rechazados_mean6	3.73762446781457e-05	0.000390380410984884	0.000200463930811306
matm_other_delta1	3.73638762064945e-05	0.000194971285943156	0.000257739339614537
mvr_msaldodolares2_lag1	3.730180688335e-05	0.000241325959483361	0.000200463930811306
Master_mconsumototal_delta1	3.61085077534209e-05	9.25469631549251e-05	0.000200463930811306
catm_trx_other	3.58341745243866e-05	0.000559128621602138	0.000114550817606461
Master_mconsumosdolares_lag1	3.41889171876581e-05	0.000102834328964317	8.59131132048455e-05
mcaja_ahorro_adicional_mean6	3.35990349549986e-05	0.000720970107630937	0.000186145078610499
Master_msaldodolares	3.35249308590648e-05	3.53523495344398e-05	0.000171826226409691
mv_msaldodolares	3.19732056728548e-05	6.43196148782234e-05	0.000100231965405653
mv_mlimitecompra_delta1	3.159934818708e-05	8.55826062650173e-05	0.000157507374208883
mvr_msaldodolares	3.13031232261878e-05	0.000214855640071566	0.000114550817606461
mv_status03_mean6	3.10881226381445e-05	7.76227685985652e-05	0.000171826226409691
Master_Finiciomora	3.08063842129331e-05	0.000172231107575152	0.000100231965405653
mtarjeta_visa_descuentos_delta1	3.07838111463229e-05	9.31224542071e-05	0.000128869669807268
mcheques_emitidos_rechazados_mean6	3.07643329277616e-05	0.000341255151530201	0.000114550817606461
mv_status05	3.05727018279449e-05	9.77167016079814e-05	0.000143188522008076
Visa_status_delta1	3.05309567260589e-05	3.54136122170868e-05	0.000100231965405653
mv_fechaalta_delta1	3.03663037498219e-05	0.000145273031323368	0.000114550817606461
mttarjeta_master_debitos_automaticos	2.97983727859543e-05	8.53404295862075e-05	0.000114550817606461
cforex_buy_mean6	2.94158412573382e-05	0.000161870150913642	0.000128869669807268
mttarjeta_master_debitos_automaticos_delta1	2.91244796024478e-05	0.000237985933152031	0.000229101635212921
ccajas_extracciones	2.89634068162694e-05	0.000104448562835597	0.000143188522008076
Visa_msaldodolares	2.88127796085728e-05	0.000156847216000114	0.000186145078610499
tcallcenter_delta1	2.75687467540229e-05	0.000133264108498652	0.000114550817606461
Visa_mpagosdolares_lag1	2.73678168407802e-05	0.000159736772531635	0.000171826226409691
cprestamos_hipotecarios_mean6	2.71909996306899e-05	0.00120186893064571	0.000128869669807268
mvr_mpagosdolares	2.69368855501928e-05	0.000426480543412326	0.000114550817606461
mv_msaldodolares_lag1	2.68878743076517e-05	0.000174931581752824	0.000143188522008076
mcaja_ahorro_adicional_lag1	2.57699402832923e-05	0.000298853358046621	0.000143188522008076
ccajas_extracciones_delta1	2.53846673977017e-05	4.8955387867986e-05	0.000114550817606461
mv_status02_delta1	2.53750917089699e-05	1.91182680635554e-05	7.15942610040379e-05
mforex_sell	2.47133480237214e-05	6.96890242969442e-05	8.59131132048455e-05
ccajas_consultas_lag1	2.42625458762446e-05	5.37555837686798e-05	8.59131132048455e-05
ctarjeta_visa_descuentos_lag1	2.42547153529662e-05	6.45020415332169e-05	7.15942610040379e-05
mtarjeta_visa_descuentos_mean6	2.33875450663517e-05	0.000166707633854515	0.000229101635212921
mv_status06	2.28945570081863e-05	9.01367682068827e-05	2.86377044016152e-05
minversion2_mean6	2.19729691943239e-05	0.00116001207250593	0.000128869669807268
mcaja_ahorro_adicional	2.17410080760785e-05	0.00105175856764736	0.000200463930811306
ctarjeta_master_trx	2.16841344608555e-05	8.62459827952611e-05	0.000100231965405653
Master_fechaalta_delta1	2.16262695038009e-05	7.82802457593689e-05	0.000100231965405653
Master_mpagado	2.14364304109103e-05	9.02744957934263e-05	0.000114550817606461
Master_mpagado_lag1	2.1354035007071e-05	0.000310852826753645	0.000143188522008076
mv_status03_delta1	2.10964811618414e-05	0.000613157996619191	0.000114550817606461
cseguro_vida	2.10895629864126e-05	6.46987628141614e-05	7.15942610040379e-05
ccajas_depositos_lag1	2.06186357463971e-05	0.000831887404690532	0.000100231965405653
cpagomiscuentas_lag1	2.03113839320918e-05	6.12558000493957e-05	0.000128869669807268
ccheques_emitidos_rechazados_mean6	1.97805224680789e-05	0.000130500858979503	7.15942610040379e-05
minversion2	1.95690198118981e-05	0.00205799109626201	0.000214782783012114
Master_msaldodolares_mean6	1.94746253609274e-05	7.99876594146254e-05	0.000114550817606461
mtarjeta_visa_descuentos_lag1	1.92315054334126e-05	6.96487875720452e-05	5.72754088032303e-05
cliente_vip_delta1	1.85114361172325e-05	8.15212685702238e-05	5.72754088032303e-05
ccheques_emitidos_mean6	1.8502173956268e-05	0.000197202306452691	0.000100231965405653
ctarjeta_visa_delta1	1.84632874665912e-05	1.57296853837567e-05	4.29565566024228e-05
ctarjeta_master_debitos_automaticos_delta1	1.82932673295855e-05	0.000117078885908002	8.59131132048455e-05
tpaquete7_lag1	1.81850469732424e-05	0.000275734939337978	0.000100231965405653
tpaquete9_lag1	1.81619320470864e-05	8.72754983954981e-05	5.72754088032303e-05
catm_trx_delta1	1.7689299954662e-05	6.94140985544478e-05	0.000143188522008076
ctarjeta_master_descuentos_delta1	1.72363297161595e-05	7.20427970705981e-05	7.15942610040379e-05
catm_trx_other_delta1	1.68940238910147e-05	7.74064583857619e-05	0.000128869669807268
Master_delinquency_lag1	1.63606530740466e-05	6.58233490219137e-06	1.43188522008076e-05
cseguro_vida_lag1	1.63246500046065e-05	2.56996953704483e-05	7.15942610040379e-05
mv_status04_lag1	1.59601642641277e-05	7.59942401013345e-05	8.59131132048455e-05
mcajeros_propios_descuentos_mean6	1.58150012576227e-05	5.17375456225202e-05	5.72754088032303e-05
matm_other_lag1	1.43854505701119e-05	8.29151836827987e-05	8.59131132048455e-05
cforex_sell	1.43533337341209e-05	1.23530527087213e-05	1.43188522008076e-05
ctarjeta_master_descuentos_lag1	1.38389399389501e-05	4.67320062855464e-05	5.72754088032303e-05
Master_delinquency_delta1	1.36652206079648e-05	2.3544610334219e-05	2.86377044016152e-05
mcaja_ahorro_adicional_delta1	1.33756747421322e-05	0.000111160305700762	0.000100231965405653
matm_other	1.32085626468639e-05	0.000163144944143292	5.72754088032303e-05
mv_mpagosdolares_delta1	1.24631168637147e-05	5.64663440264006e-05	5.72754088032303e-05
mcheques_depositados_delta1	1.18944691250557e-05	0.000115098361700846	8.59131132048455e-05
Master_cadelantosefectivo_lag1	1.18099065803101e-05	3.17293803688098e-05	1.43188522008076e-05
mcheques_depositados_lag1	1.16896700921721e-05	3.27959561104013e-06	1.43188522008076e-05
mplazo_fijo_dolares_lag1	1.1505105689527e-05	0.000185730680044672	7.15942610040379e-05
mprestamos_prendarios_lag1	1.13860937013727e-05	0.000102172918890553	1.43188522008076e-05
cseguro_vivienda_lag1	1.10845478382892e-05	1.63569093679446e-05	4.29565566024228e-05
mcheques_depositados	1.08797951106146e-05	0.000210679264672691	8.59131132048455e-05
mv_status03	1.07014467975704e-05	6.84931918582616e-05	2.86377044016152e-05
Master_mconsumosdolares	1.03268636769943e-05	2.8702398782512e-05	2.86377044016152e-05
cliente_edad_delta1	1.03188781035448e-05	3.92622700802709e-05	4.29565566024228e-05
Master_madelantopesos	9.89447841216989e-06	1.87304979722819e-06	1.43188522008076e-05
mcajeros_propios_descuentos_delta1	8.81325579171701e-06	4.6533621079888e-05	4.29565566024228e-05
mv_madelantopesos_mean6	8.79635226868309e-06	0.000215900660424819	7.15942610040379e-05
cforex_delta1	8.78464225022613e-06	5.08516569782669e-05	4.29565566024228e-05
tcuentas	8.71113065578871e-06	1.6855103553866e-05	2.86377044016152e-05
Visa_mpagosdolares_delta1	8.11064766041024e-06	9.09017954105558e-05	8.59131132048455e-05
ctarjeta_visa_descuentos_delta1	8.0685661287975e-06	2.6886981286737e-05	5.72754088032303e-05
Master_madelantopesos_mean6	7.95424235944506e-06	3.39253071934706e-05	2.86377044016152e-05
ccheques_depositados_rechazados_mean6	7.93426457331247e-06	4.84202091736518e-05	4.29565566024228e-05
ccajas_otras_lag1	7.86019032162217e-06	3.58870744311247e-06	1.43188522008076e-05
tcuentas_mean6	7.84465415457181e-06	3.46592492581709e-05	2.86377044016152e-05
catm_trx_other_lag1	7.24182850848808e-06	3.89492253352385e-05	7.15942610040379e-05
Master_mpagosdolares	6.65938107143304e-06	2.22175547419651e-05	2.86377044016152e-05
ctarjeta_master_debitos_automaticos	6.43464533779773e-06	2.68399375970993e-05	5.72754088032303e-05
mv_mpagosdolares_lag1	6.39179590563968e-06	2.66641666409613e-05	2.86377044016152e-05
minversion1_pesos_mean6	6.27710093393656e-06	5.01552288525702e-06	1.43188522008076e-05
mprestamos_prendarios_mean6	5.88891897670513e-06	0.000123805074665002	0.000300695896216959
mv_status05_lag1	5.61203819575987e-06	1.94388761027418e-05	2.86377044016152e-05
ccheques_emitidos_delta1	5.58194195494752e-06	2.47328038458061e-05	2.86377044016152e-05
cplazo_fijo_lag1	5.56041623475696e-06	0.000155252344161869	2.86377044016152e-05
mvr_Visa_mlimitecompra_delta1	5.42096168592391e-06	3.43176152612365e-05	2.86377044016152e-05
cseguro_accidentes_personales	5.16955783578804e-06	1.41968325575737e-05	2.86377044016152e-05
ccheques_depositados_delta1	5.04125482168999e-06	1.21100440675546e-05	2.86377044016152e-05
mtarjeta_visa_descuentos	5.01015609408645e-06	1.79292425896114e-05	1.43188522008076e-05
mv_status03_lag1	4.99651914008064e-06	2.63338775852579e-06	1.43188522008076e-05
tpaquete7_delta1	4.86227115268109e-06	6.41380958185284e-05	2.86377044016152e-05
cforex	4.81668491013252e-06	1.50794689853408e-05	2.86377044016152e-05
Master_mpagosdolares_lag1	4.80522686569065e-06	1.19394161514412e-06	1.43188522008076e-05
ccheques_depositados_lag1	4.68446661107949e-06	6.47894467110674e-06	1.43188522008076e-05
mcheques_emitidos_lag1	4.65674429330957e-06	1.54372884317646e-05	2.86377044016152e-05
mv_status06_lag1	4.58777872326046e-06	1.60056699874347e-05	1.43188522008076e-05
Master_mpagado_delta1	4.27773396573952e-06	8.55975815874421e-06	1.43188522008076e-05
Master_msaldodolares_delta1	4.06762848647001e-06	2.48808931453406e-05	2.86377044016152e-05
ctarjeta_master_debitos_automaticos_lag1	4.03800187280783e-06	2.46883316761808e-05	2.86377044016152e-05
mv_status07_lag1	3.99606698018596e-06	1.26871990444433e-05	1.43188522008076e-05
ccajas_depositos_delta1	3.97043487861887e-06	1.13212681202381e-05	1.43188522008076e-05
mv_cadelantosefectivo_mean6	3.50915399757101e-06	0.000113169494792762	4.29565566024228e-05
mforex_buy	3.47138316965252e-06	1.24196853302177e-06	1.43188522008076e-05
mv_status01_lag1	3.43148999633783e-06	4.03434429795795e-05	1.43188522008076e-05
cforex_buy_delta1	3.37519144238138e-06	0.000117890049206014	1.43188522008076e-05
mcheques_emitidos_rechazados_delta1	3.10466232849509e-06	1.70191514040654e-05	2.86377044016152e-05
Master_mpagosdolares_delta1	3.04625136167972e-06	3.30289055703432e-06	1.43188522008076e-05
ctarjeta_master_lag1	2.9880550868909e-06	2.06916601464037e-06	1.43188522008076e-05
Visa_status_lag1	2.9406945108041e-06	2.27804150929029e-05	1.43188522008076e-05
cseguro_accidentes_personales_lag1	2.80620273324061e-06	1.15567134672509e-05	1.43188522008076e-05
ccheques_depositados	2.71969439045169e-06	0.000108548397697634	4.29565566024228e-05
mcheques_emitidos_rechazados_lag1	2.65467110507159e-06	1.53207380688521e-05	2.86377044016152e-05
cplazo_fijo_delta1	2.46044057164759e-06	2.34435647243221e-05	1.43188522008076e-05
ccheques_emitidos_lag1	2.27777931076196e-06	1.38697957183564e-05	4.29565566024228e-05
minversion1_pesos_delta1	2.25919664100544e-06	8.4147698098128e-06	2.86377044016152e-05
cforex_sell_lag1	2.06886059482924e-06	1.16206233028518e-05	1.43188522008076e-05
cforex_lag1	1.89532489920462e-06	1.01339065710079e-05	1.43188522008076e-05
mcheques_emitidos_delta1	1.8844601023652e-06	1.80286242747944e-05	2.86377044016152e-05
Master_mconsumosdolares_delta1	1.41191381214081e-06	4.60279392327543e-05	2.86377044016152e-05
cinversion2_mean6	1.37860763641551e-06	1.64957714486113e-05	1.43188522008076e-05
cseguro_vida_delta1	1.26053215129529e-06	5.56253057164803e-05	1.43188522008076e-05
mforex_buy_delta1	1.16188480236519e-06	0.000142369028900013	1.43188522008076e-05
mv_status02_lag1	6.38158339204685e-07	6.96828980286795e-06	1.43188522008076e-05
