Feature	Gain	Cover	Frequency
ctrx_quarter_normalizado	0.176665391458548	0.0163078931340972	0.00802053256336221
ctrx_quarter	0.0933466892967151	0.00431144804854141	0.00417067693294835
mtarjeta_visa_consumo	0.06446571455871	0.0124221777704725	0.0083413538658967
mcaja_ahorro	0.0445023159370867	0.00558943167286765	0.00737888995829323
mcuentas_saldo	0.0434842021639174	0.0125526632132153	0.0147577799165865
mdescubierto_preacordado_tend6	0.0419356402640146	0.00265603607432194	0.0027590632017966
cpayroll_trx	0.0245829934376892	0.0125538122205878	0.00885466794995188
ctarjeta_visa_tend6	0.0242727041974688	0.000325936176086554	0.000128328521013795
mprestamos_personales	0.0212753166936035	0.01156113017195	0.0110362528071864
mv_status07_tend6	0.020792676719891	0.00203427152750985	0.00102662816811036
mpasivos_margen	0.0179306093274591	0.00489311367925442	0.00648059031119666
mprestamos_personales_tend6	0.0175882458138753	0.00758604153742428	0.00846968238691049
ctrx_quarter_normalizado_lag1	0.0158887351274103	0.000459980682531474	0.000705806865575874
foto_mes	0.0125465821786447	0.013908764461976	0.0222008341353866
ccomisiones_mantenimiento_tend6	0.0124515641401713	0.00681111474952469	0.00635226179018287
mpayroll_sobre_edad	0.0115117018770292	0.00725609755016804	0.00519730510105871
mv_status04	0.0107709828599927	2.80466586138327e-05	0.000128328521013795
cproductos_tend6	0.0101758003492435	0.00466291203964729	0.00307988450433109
mpayroll	0.00944548878366297	0.0102508954239384	0.00628809752967597
mdescubierto_preacordado	0.00861925696934928	0.000571636049264836	0.00179659929419313
mdescubierto_preacordado_delta1	0.00705602812976406	0.00495718670507698	0.00384985563041386
mv_status04_tend6	0.00634095048736612	0.00120143132775865	0.00115495668912416
mcuenta_corriente_tend6	0.00622076678883734	0.00271902692255551	0.00615976900866218
mprestamos_personales_lag1	0.00576752772636718	0.000966498836837789	0.00141161373115175
cproductos_delta1	0.00508855927021887	0.00332771503092282	0.00218158485723452
mv_status06_tend6	0.00497927714473334	0.000777956559716766	0.000384985563041386
ctarjeta_visa_trx	0.00496126638903728	0.00258839980067174	0.00301572024382419
tcallcenter_tend6	0.00437357827233703	0.00701082399289529	0.0054539621430863
mactivos_margen	0.00436886782576275	0.0056762988850023	0.0083413538658967
mcomisiones_mantenimiento_tend6	0.00412615163788492	0.00918119327024894	0.0116778954122554
mcaja_ahorro_dolares_delta1	0.00409315180481939	0.0082275143617132	0.00596727622714148
cprestamos_personales_tend6	0.00408230633945225	0.000772021261366777	0.00121912094963106
ccaja_ahorro	0.0040683820793644	0.00533013025348528	0.00590311196663459
mes	0.00330357312098698	0.00487288203740393	0.0055181264035932
Visa_fechaalta_tend6	0.00330046202489494	0.00727919473690699	0.00680141161373115
mrentabilidad_avg6	0.00326683069031515	0.00213571344372128	0.00526146936156561
mpasivos_margen_avg6	0.00313272263278631	0.000457845732458218	0.00211742059672762
mv_msaldopesos	0.00307606443889102	0.000276046522374055	0.000898299647096567
mcuenta_corriente	0.00304261085404724	0.00372833006135198	0.0055822906641001
Master_status	0.00296614915035258	0.000175342871874715	0.000513314084055181
mcuenta_corriente_avg6	0.00288301683574382	0.00757462305873753	0.00917548925248636
cproductos	0.0026975807611077	0.00375830815882026	0.00442733397497594
mcuentas_saldo_tend6	0.00269753702846991	0.00123274369638165	0.00327237728585178
mtarjeta_visa_debitos_automaticos_tend6	0.00267232282957604	0.00870218969325452	0.00712223291626564
Master_fechaalta	0.00253972226853738	0.00406298804719395	0.00333654154635868
ccaja_ahorro_avg6	0.00251049622252685	0.00198487571684059	0.00346487006737247
ccomisiones_mantenimiento_delta1	0.00246182757015541	0.00524421760310966	0.00481231953801732
mactivos_margen_avg6	0.00239796016069453	0.00513354376250013	0.00596727622714148
ctarjeta_visa_debitos_automaticos_tend6	0.00231142609662576	0.00221977426985403	0.00494064805903112
ccaja_ahorro_tend6	0.00217307950234471	0.00747987086196192	0.00346487006737247
Visa_msaldototal	0.00213628809332821	0.000340202533353793	0.00128328521013795
thomebanking_tend6	0.00211710543536981	0.003469210651432	0.00410651267244145
mdescubierto_preacordado_avg6	0.00209230759122394	0.00153667253421511	0.00237407763875521
mv_status01	0.00207661202530759	0.00104787496528738	0.00109079242861726
mtransferencias_emitidas_avg6	0.00206305095595659	0.00347352843657117	0.00519730510105871
thomebanking	0.00204568502133149	0.00300627783585786	0.00340070580686558
mcaja_ahorro_lag1	0.00191283752201973	0.0036210049159088	0.00468399101700353
mtransferencias_recibidas	0.00187585760535036	0.00398377418185955	0.00352903432787937
cliente_edad_avg6	0.00186593140289613	0.00514702129587128	0.00692974013474495
ccaja_seguridad	0.00184591907559274	0.00831172000508104	0.00461982675649663
cliente_edad_lag1	0.00184120561686145	0.00410184055877533	0.00712223291626564
cliente_edad	0.00183610711488481	0.00346548108461287	0.00769971126082772
mactivos_margen_tend6	0.00179215645478354	0.00350641961524345	0.00609560474815528
internet_tend6	0.00176048483029387	0.0092179708042236	0.00603144048764838
mv_status06_avg6	0.00169885601672308	7.86440106765984e-05	0.000256657042027591
mcomisiones_mantenimiento	0.00168320357354804	0.00639623487276253	0.0053897978825794
ctrx_quarter_normalizado_delta1	0.00166006380238901	0.00203278035164618	0.00352903432787937
mv_status05_tend6	0.00165578592768755	0.00109095007315115	0.000641642605068977
mvr_mpagominimo_avg6	0.00160848003523634	0.00341620277813676	0.00384985563041386
mv_mpagominimo_avg6	0.00159184367191068	0.000857258872816736	0.00179659929419313
mcuentas_saldo_delta1	0.00158210181085201	0.00844675405722381	0.00609560474815528
Visa_Finiciomora	0.00154779148625526	0.00665378581672145	0.00307988450433109
mcaja_ahorro_delta1	0.00149794398742384	0.00687195739795402	0.0055181264035932
mv_Finiciomora_avg6	0.00148167920072491	0.00268358331105843	0.00179659929419313
mprestamos_personales_avg6	0.00147612358731386	0.000712621555131327	0.00218158485723452
mtarjeta_master_consumo	0.00146221870468954	0.00214538342282166	0.00147577799165865
mv_mpagominimo_delta1	0.00142702555513485	0.00183923513882352	0.00166827077317934
mcuenta_debitos_automaticos	0.00142063025798324	0.00561121969320533	0.00404234841193455
mv_msaldototal	0.00139990640843417	0.000253190852661187	0.00109079242861726
mpayroll_avg6	0.00138599785150086	0.00216708322784518	0.00230991337824832
Visa_fechaalta_lag1	0.00137713698664384	0.000495519017982474	0.00160410651267244
ctarjeta_master_avg6	0.00135113590260523	4.56825154495713e-06	6.41642605068977e-05
ctrx_quarter_tend6	0.00134704471855785	0.00151652492355319	0.00301572024382419
mpasivos_margen_tend6	0.00133568078557393	0.00283428435650376	0.00526146936156561
mv_cconsumos_tend6	0.00132962768401431	0.00197939079311817	0.00333654154635868
Visa_fechaalta_avg6	0.00127297031165031	0.00214583960873475	0.00365736284889317
mrentabilidad_annual_avg6	0.00126233095284589	0.00156881324347571	0.00378569136990696
chomebanking_trx	0.0012588374076214	0.00587815911759418	0.00494064805903112
mcaja_ahorro_dolares_tend6	0.00122372263424253	0.00245076147903737	0.00346487006737247
mcuenta_corriente_delta1	0.00121697962816919	0.00307518619990774	0.00372152710940006
cplazo_fijo	0.0012066655707498	0.00358908689510921	0.00166827077317934
mprestamos_personales_delta1	0.00120340063816369	0.00589477346666173	0.00378569136990696
ctrx_quarter_delta1	0.00118282164947804	0.00155499075219626	0.00346487006737247
cpayroll_trx_avg6	0.0011536500602427	0.000654726971844795	0.00115495668912416
mrentabilidad_annual_tend6	0.00113784922242525	0.00807930368456335	0.00583894770612769
ccallcenter_trx	0.00110064172740338	0.00529602102936864	0.00295155598331729
mv_Finiciomora_lag1	0.00109248833312362	0.00473710925464623	0.00250240615976901
mcuenta_corriente_lag1	0.00109121184220101	0.00345691513353502	0.00468399101700353
mv_mpagospesos_tend6	0.00108907167106032	0.00121170939977553	0.00205325633622073
mpagomiscuentas	0.00107314701698042	0.00438753428001053	0.00211742059672762
cpayroll_trx_lag1	0.00105974108939154	0.000609439275133253	0.000513314084055181
ctransferencias_emitidas_avg6	0.0010569326169122	0.00100453114358129	0.0026948989412897
ccomisiones_mantenimiento_avg6	0.00104377995387262	0.00698034507884114	0.00461982675649663
mv_Finiciomora	0.00103640548137086	0.00240853144831348	0.00141161373115175
thomebanking_avg6	0.00102810194636809	0.00440244348168167	0.00372152710940006
ctransferencias_recibidas_avg6	0.00102400016247678	0.00246270587906341	0.00372152710940006
mcaja_ahorro_avg6	0.00102316087849088	0.00220989950105203	0.00455566249598973
chomebanking_trx_delta1	0.00101512072078533	0.00474694741234948	0.00378569136990696
ccallcenter_trx_tend6	0.00100655849879078	0.000825620491076232	0.00198909207571383
mv_status02	0.000992781762731192	0.000319609080867005	0.000384985563041386
cprestamos_personales_avg6	0.000969274448324431	0.00474949380143734	0.00346487006737247
internet_avg6	0.000950593597059393	0.00602388663244259	0.00455566249598973
mcomisiones_mantenimiento_avg6	0.00093916880525358	0.00354113914056509	0.00295155598331729
mpayroll_sobre_edad_avg6	0.000926820535008074	0.00170467110345337	0.00160410651267244
mv_msaldopesos_lag1	0.000924060107739255	5.87960298959375e-05	0.000384985563041386
Visa_status	0.000914551909814184	0.0019505107961612	0.00109079242861726
ccomisiones_otras_tend6	0.000906224950718393	0.00382356215408559	0.00372152710940006
chomebanking_trx_tend6	0.000902167568895299	0.00438970572495684	0.00397818415142766
mv_msaldototal_lag1	0.000901783984698477	0.000163875694615331	0.000320821302534488
Visa_fechaalta	0.000897044526610574	0.000958918363557921	0.00224574911774142
mrentabilidad_annual	0.000890068109349857	0.000817999803700586	0.00192492781520693
cprestamos_personales	0.000865342126237252	0.00139386704995039	0.00121912094963106
ccallcenter_trx_delta1	0.000845817453714881	0.000676475824118085	0.000898299647096567
mv_fechaalta_avg6	0.000840456698121147	0.00105477935361019	0.0027590632017966
Visa_delinquency_tend6	0.000834038155851643	0.00302384023804467	0.00218158485723452
Visa_mpagominimo	0.000830246112213848	0.00130509780406601	0.00301572024382419
Master_fechaalta_tend6	0.000794096823404859	0.000466069631270534	0.00160410651267244
ccajas_extracciones_avg6	0.00077758370619669	0.00407694443049171	0.00352903432787937
mvr_mpagominimo_tend6	0.000763602887355696	0.00267883630437097	0.0027590632017966
Visa_msaldopesos	0.000754259196500199	0.000751429900942774	0.00198909207571383
Master_Fvencimiento	0.000742839919330518	0.00105481747564318	0.00192492781520693
Visa_fultimo_cierre_avg6	0.000740762228985478	0.0011694327625418	0.00333654154635868
chomebanking_trx_avg6	0.000738047411820334	0.00211934130903408	0.0026307346807828
Visa_mpagado_avg6	0.000735795203742682	0.00333290439266384	0.0026948989412897
mv_fechaalta_tend6	0.000730223155599937	0.000708843987093821	0.00166827077317934
mpayroll_lag1	0.000705136085408081	0.000118459684719571	0.000384985563041386
Master_mpagospesos_tend6	0.000704216927192822	0.00500556995735775	0.00295155598331729
mtransferencias_recibidas_lag1	0.000683163516501364	0.00409995072872518	0.00365736284889317
mactivos_margen_delta1	0.000671172581949244	0.000982795773490398	0.00237407763875521
mrentabilidad_tend6	0.000649928453383395	0.0012413209213534	0.00295155598331729
mpayroll_sobre_edad_delta1	0.000645263522852867	0.00645508599364517	0.00301572024382419
ccaja_ahorro_delta1	0.000645075217876731	0.0104054470271673	0.00378569136990696
Visa_mpagospesos_avg6	0.000636379358756175	0.0018432372549334	0.00327237728585178
mvr_mpagominimo	0.000636029158739545	0.0011890778132322	0.00153994225216554
mrentabilidad	0.000633925490686596	0.00175693420239675	0.00243824189926211
mv_cconsumos_avg6	0.000622034963234048	0.00151404710763443	0.00237407763875521
ctarjeta_visa_trx_tend6	0.000609058257193178	0.00133646398519289	0.00218158485723452
mv_mpagominimo	0.000605328750339077	0.000681820463408121	0.00115495668912416
mactivos_margen_lag1	0.000601748477014972	0.00143703304631966	0.00218158485723452
mv_mfinanciacion_limite_tend6	0.000600668700473347	0.00124849030429579	0.00192492781520693
ccallcenter_trx_avg6	0.000597174348274447	0.000788345278609895	0.00205325633622073
ctrx_quarter_normalizado_avg6	0.000595397353313721	0.000373328255509532	0.000962463907603465
mvr_mpagospesos_tend6	0.000592081147992725	0.00115377913519593	0.00179659929419313
numero_de_cliente	0.000576200506117606	0.00107399832084648	0.00307988450433109
Visa_mfinanciacion_limite	0.000576119263353718	0.00150341477965243	0.00218158485723452
Master_fultimo_cierre_tend6	0.000572536554922765	0.00344906106493301	0.00256657042027591
ccajas_consultas_delta1	0.000570804566514553	0.00344779048546756	0.00173243503368624
Visa_mlimitecompra	0.000568171680019785	0.00347285525725688	0.00340070580686558
mcuenta_debitos_automaticos_tend6	0.000565193720147344	0.00411175496054455	0.0026307346807828
Visa_mpagospesos_tend6	0.00055726469722468	0.000783785511541793	0.00230991337824832
mcomisiones_tend6	0.000552067876129414	0.000773299627954818	0.00237407763875521
Visa_cconsumos_avg6	0.000551455548282175	0.00172663009181096	0.0026307346807828
mcomisiones_avg6	0.000524294390389561	0.000702718543481713	0.00230991337824832
tcallcenter	0.000518416444453054	0.000462380510998597	0.000769971126082772
Visa_Fvencimiento_lag1	0.000515851177710259	0.000408469215256876	0.00243824189926211
Master_fechaalta_lag1	0.000511659944886816	0.000573707423874535	0.00192492781520693
mv_msaldototal_avg6	0.000509766046134711	0.000242800390382403	0.000641642605068977
mplazo_fijo_dolares	0.00050511510440468	0.00546497253320598	0.00224574911774142
ctarjeta_debito_tend6	0.000498684387160817	0.00752476315880688	0.00307988450433109
ccajas_trx_delta1	0.000498675087732619	0.00154303554317916	0.00141161373115175
mrentabilidad_delta1	0.000495352151155202	0.0015984329008533	0.0026948989412897
Master_fechaalta_avg6	0.000492404974631483	0.000351364501897822	0.00186076355470003
Visa_Fvencimiento	0.000483209575213756	0.00124083893333262	0.0027590632017966
ctarjeta_debito_trx_avg6	0.000482889569551579	0.00599073917607902	0.00365736284889317
Visa_Fvencimiento_tend6	0.000477177607649361	0.00308477238027096	0.0026948989412897
mcomisiones_otras	0.000474543237098059	0.00156762704387597	0.00192492781520693
ccajas_consultas_tend6	0.000473582383463462	0.00411421197206116	0.0026307346807828
mautoservicio	0.000472300515262058	0.00238174118962843	0.00160410651267244
mrentabilidad_annual_delta1	0.000471774896851745	0.00239629869230008	0.00295155598331729
mforex_sell_avg6	0.000470723071596732	0.00450887252689812	0.0028232274623035
cproductos_avg6	0.000469862451498757	0.000761566758721594	0.00230991337824832
Master_mfinanciacion_limite_lag1	0.000459684855242536	0.00597625443070205	0.00327237728585178
mcuentas_saldo_avg6	0.00045960843640889	0.000847768811115964	0.0026948989412897
Visa_cconsumos_tend6	0.000459369357364756	0.000609131277000849	0.00205325633622073
mv_fechaalta	0.000458316330046346	0.000473501800544007	0.00237407763875521
ctrx_quarter_normalizado_tend6	0.000455333497347433	0.000536100387005174	0.00141161373115175
Visa_fultimo_cierre_tend6	0.000454471046253651	0.000805729506782745	0.00147577799165865
Visa_mconsumospesos_tend6	0.000453820680499644	0.00089892509261976	0.00192492781520693
mv_cconsumos_delta1	0.000445089458208015	0.00311624758111415	0.00141161373115175
ccuenta_debitos_automaticos_tend6	0.00044478416471192	0.00197555255525987	0.00173243503368624
mvr_mpagospesos	0.000440775819461058	0.000403180945436356	0.00147577799165865
Visa_mpagominimo_lag1	0.00043782404706508	0.00066085822674242	0.00160410651267244
Master_mfinanciacion_limite	0.000433750358536289	0.00100788518513031	0.00211742059672762
ccomisiones_otras_avg6	0.000426349838528187	0.00317995507707768	0.00256657042027591
mcuentas_saldo_lag1	0.000422631851401653	0.00470752644081882	0.00301572024382419
active_quarter_tend6	0.000419354681694447	0.00140219462209633	0.00121912094963106
mcaja_ahorro_dolares	0.000415509238895695	0.00343569766520941	0.00224574911774142
mvr_msaldototal	0.000414086940911639	0.00176703351927113	0.00121912094963106
mv_fultimo_cierre_avg6	0.000413807592277132	0.000666477623611702	0.00198909207571383
ctarjeta_visa_debitos_automaticos_avg6	0.00041369977198671	0.00298216216321919	0.00198909207571383
Visa_cconsumos_lag1	0.000411087364426999	0.00243957603289985	0.00230991337824832
mpayroll_delta1	0.000406639065279142	0.00749492801896232	0.00327237728585178
Master_mpagominimo_tend6	0.000405108087961377	0.002819570414026	0.00224574911774142
mtarjeta_visa_debitos_automaticos_avg6	0.000401412314279637	0.000287922930359551	0.00147577799165865
Visa_mpagominimo_avg6	0.000400998043033535	0.00070507176543899	0.00179659929419313
ctransferencias_recibidas_tend6	0.000398017546902506	0.00407230876803475	0.00288739172281039
ccomisiones_mantenimiento	0.000395264598890434	0.00257110692590722	0.00141161373115175
mvr_msaldototal_tend6	0.000393967605144525	0.00584124815650406	0.00307988450433109
mpagomiscuentas_tend6	0.000391934709717177	0.00297075832897194	0.00198909207571383
tcuentas_avg6	0.000387720144247855	0.00758202361461779	0.00301572024382419
mv_Fvencimiento	0.000387292589837291	0.0005801999082799	0.00218158485723452
mcaja_ahorro_dolares_avg6	0.000383677613254575	0.000507496658561676	0.00141161373115175
Visa_fultimo_cierre	0.000383620064259478	0.00205629490491097	0.00250240615976901
Visa_msaldopesos_tend6	0.000382198675521327	0.000588890918222076	0.00153994225216554
cmobile_app_trx_avg6	0.000376886106601252	0.000318876742666145	0.00186076355470003
mcomisiones_mantenimiento_lag1	0.000371716074294087	0.00501875774003302	0.0027590632017966
mplazo_fijo_dolares_delta1	0.000369304238318643	0.00479382937712977	0.00186076355470003
mv_fultimo_cierre_tend6	0.00036806774227171	0.00052445945230883	0.00102662816811036
mv_mpagominimo_tend6	0.000367674270958809	0.000594514731668351	0.00115495668912416
mvr_Master_mlimitecompra_tend6	0.0003674174272802	0.00248770068297511	0.00153994225216554
Master_fultimo_cierre_avg6	0.000365702426392353	0.000567097551501726	0.00192492781520693
mv_status02_delta1	0.000363115375446468	0.000281505527763066	0.000256657042027591
ctarjeta_debito_avg6	0.000357350374199817	0.000447488743184012	0.00205325633622073
cliente_antiguedad_lag1	0.000355192965085563	0.000922852828284814	0.00166827077317934
ccomisiones_otras	0.00035436149815097	0.00374380191168688	0.00192492781520693
mtransferencias_recibidas_avg6	0.000354310303799356	0.000580392378056224	0.00192492781520693
cliente_antiguedad	0.000350909856994604	0.00065735890305547	0.00205325633622073
Master_Fvencimiento_tend6	0.000346350937967284	0.000243765528681075	0.00128328521013795
Visa_msaldototal_tend6	0.000344516576159244	0.000505397506007206	0.00147577799165865
mcomisiones	0.000342879138500751	0.0017384328126961	0.00141161373115175
Master_mpagominimo_avg6	0.00034223578021087	0.000628206821710583	0.00128328521013795
mvr_msaldopesos_lag1	0.000339688268397956	0.00379737138761448	0.00205325633622073
ccajas_depositos_avg6	0.000337188541264514	0.00587151077451125	0.00256657042027591
mtransferencias_emitidas	0.000336749641249214	0.000285436281286803	0.00109079242861726
ccajas_trx_avg6	0.000331966805487749	0.000952380318674103	0.00166827077317934
Master_status_avg6	0.000331668501539605	0.000692424664768222	0.000449149823548284
Master_mfinanciacion_limite_tend6	0.000327474517836722	0.000570509822131631	0.00166827077317934
ctrx_quarter_lag1	0.000325327333446478	0.00256292626305915	0.00211742059672762
mv_fechaalta_lag1	0.000324651806850187	0.00190782643913558	0.00173243503368624
mforex_buy_avg6	0.000322779482159364	0.00706258836731559	0.00295155598331729
mcomisiones_delta1	0.000321211027748447	0.00409250891271775	0.00205325633622073
mplazo_fijo_dolares_tend6	0.000318540071247096	0.00318245974113553	0.00166827077317934
mv_mpagospesos_avg6	0.000315060869787323	0.00184604991712366	0.00160410651267244
cliente_antiguedad_avg6	0.00031246229276856	0.00119602171829653	0.00179659929419313
mpayroll_tend6	0.000311834833964638	0.00239959624815387	0.00186076355470003
cmobile_app_trx_tend6	0.000308304416131285	0.00135928885509252	0.00173243503368624
mtarjeta_visa_debitos_automaticos_delta1	0.000306750933670994	0.00137399838099329	0.00134744947064485
mv_msaldopesos_avg6	0.000304824193076257	0.00263058090037158	0.00192492781520693
Visa_Fvencimiento_avg6	0.000304088478021645	0.000546622068110934	0.00179659929419313
cprestamos_hipotecarios_avg6	0.000302629117442622	0.00333382025126133	0.00121912094963106
ccaja_seguridad_lag1	0.000301588366810191	0.000506508275120936	0.000449149823548284
mtransferencias_recibidas_tend6	0.000300139122151737	0.00111487687901053	0.00160410651267244
Visa_msaldopesos_delta1	0.000298841807780939	0.00234178697453873	0.00198909207571383
mvr_mpagominimo_delta1	0.000298819914961035	0.00206029574253804	0.00141161373115175
ctarjeta_visa_trx_avg6	0.000298682781194787	0.000120638103208495	0.000705806865575874
Master_msaldopesos_tend6	0.000297476025999115	0.000969285929371769	0.00109079242861726
cextraccion_autoservicio_avg6	0.000297400392117907	0.00117370243023689	0.00173243503368624
Visa_mconsumosdolares_lag1	0.000296552527030471	0.000575472659963196	0.00147577799165865
mcomisiones_otras_delta1	0.000296270283067358	0.00295293709212821	0.00173243503368624
ccajas_consultas_avg6	0.000292816306089617	0.00130675820456394	0.00147577799165865
mvr_msaldopesos2_tend6	0.000291736103292317	0.00206985007705663	0.00153994225216554
mv_mpagospesos	0.000290546460656985	0.000199545248893305	0.00083413538658967
Visa_mpagominimo_tend6	0.000289359361745315	0.000177894607345254	0.00121912094963106
Visa_mpagospesos	0.000289220983924633	0.000999448825719492	0.00153994225216554
mplazo_fijo_dolares_avg6	0.00028858884825241	0.00170218852228049	0.00102662816811036
Visa_mfinanciacion_limite_lag1	0.000286219424343322	0.00225323204886422	0.00173243503368624
ctarjeta_visa_trx_delta1	0.00028613897660972	0.00111932820749088	0.000898299647096567
tcallcenter_avg6	0.000285632297836389	0.000365533113342665	0.000962463907603465
mcomisiones_otras_avg6	0.00028115129215035	0.000394194722189912	0.00128328521013795
mprestamos_hipotecarios_avg6	0.000279208101333886	0.00611203627906515	0.00224574911774142
Visa_cconsumos_delta1	0.000278563529036491	0.00159842034847658	0.00121912094963106
Visa_msaldopesos_avg6	0.000276296626708933	0.000446826256635068	0.00134744947064485
Visa_Finiciomora_lag1	0.000273789539386659	0.00169982402642931	0.00102662816811036
active_quarter_avg6	0.000269963672249119	0.00174339762636474	0.00115495668912416
mvr_mpagominimo_lag1	0.000269518177588236	0.000687254131592278	0.00134744947064485
mcomisiones_otras_tend6	0.000268634821303722	0.000817085920940174	0.00147577799165865
Master_Fvencimiento_avg6	0.000266263242228028	0.000273324051335025	0.00134744947064485
cplazo_fijo_tend6	0.000266166718086234	0.00192276539458857	0.00102662816811036
mcaja_ahorro_dolares_lag1	0.000265609868422812	0.000366026607708773	0.00153994225216554
Visa_mpagospesos_lag1	0.000264743632163711	0.00059349194541735	0.00141161373115175
ctransferencias_emitidas_tend6	0.000263571025571719	0.00107317160736883	0.00134744947064485
ccajas_otras_tend6	0.000263106742814837	0.00501228117854997	0.00205325633622073
mv_Finiciomora_tend6	0.000262937950046791	0.0011975195190257	0.00102662816811036
Visa_Finiciomora_avg6	0.000262126307173717	0.00445904412413498	0.00179659929419313
mv_mpagospesos_lag1	0.000261417739417343	0.00065158027696302	0.00109079242861726
mrentabilidad_annual_lag1	0.0002609310883154	0.000208430820674593	0.00141161373115175
Visa_mpagominimo_delta1	0.00025975002715486	0.000818245853529379	0.000898299647096567
mtarjeta_visa_consumo_delta1	0.000257526550650585	0.00202351890591764	0.00121912094963106
mv_cconsumos_lag1	0.000251626781692607	0.00128759456076577	0.00134744947064485
Master_mfinanciacion_limite_delta1	0.000250801394686807	0.000171839828965034	0.000898299647096567
Master_Fvencimiento_lag1	0.000248158995822631	0.000402236379088413	0.00121912094963106
mcaja_ahorro_tend6	0.000246736702317619	0.000454536554033387	0.00128328521013795
Visa_msaldopesos_lag1	0.000245953247747227	0.000331030930099356	0.00134744947064485
mv_Fvencimiento_lag1	0.000245838098994535	0.000234299060799503	0.00115495668912416
Visa_delinquency	0.0002433718493547	0.000205234613640213	0.000256657042027591
cpagomiscuentas_avg6	0.000242982701812143	0.00029194329390596	0.00141161373115175
cpayroll_trx_tend6	0.000241595021611611	0.00160992181232052	0.00121912094963106
Visa_mconsumosdolares_avg6	0.000239937808974454	0.000381239855838162	0.00109079242861726
mv_Fvencimiento_tend6	0.000239325422899646	0.000422174667246009	0.00115495668912416
mv_Fvencimiento_avg6	0.000237701741877876	0.000362044366195356	0.00128328521013795
mpayroll_sobre_edad_tend6	0.000237636018627725	0.000521448276605312	0.000769971126082772
mpasivos_margen_lag1	0.000236896019367657	0.000305509275042684	0.000962463907603465
mv_status04_delta1	0.000236470664167631	0.00236796786182446	0.00147577799165865
Visa_mlimitecompra_lag1	0.000235979400210388	0.000593887461509641	0.00109079242861726
Visa_mfinanciacion_limite_avg6	0.000233423418898779	0.000190700239884927	0.00115495668912416
mforex_sell_tend6	0.000233272178757132	0.00309487983294507	0.00141161373115175
tpaquete7_avg6	0.000231750738630143	0.00178251559746854	0.000705806865575874
Master_mlimitecompra_tend6	0.000229717319527916	0.00528792927918898	0.00198909207571383
chomebanking_trx_lag1	0.000229691460887924	0.000247518340642279	0.00128328521013795
Visa_mconsumospesos	0.000227953904654934	0.000533076077796388	0.00115495668912416
mtarjeta_visa_consumo_lag1	0.000224611233783502	0.000595493700826555	0.00109079242861726
Visa_msaldototal_avg6	0.000222738243208158	0.000161449134234829	0.000962463907603465
tmobile_app_avg6	0.000221677636974274	0.000129452893532185	0.000769971126082772
Visa_mconsumospesos_avg6	0.000215374368870689	0.000190161998620337	0.00102662816811036
internet	0.000214638585883912	0.00119361073216122	0.000705806865575874
ccajas_otras_delta1	0.000213204428138209	0.00221934109663159	0.000962463907603465
ccajas_trx_tend6	0.0002109572533861	0.0010299835281146	0.00128328521013795
mtarjeta_visa_consumo_tend6	0.000209940670554602	0.0001523484286637	0.000641642605068977
mvr_msaldopesos2_avg6	0.000209890450395029	0.00032516478604702	0.00121912094963106
mcomisiones_mantenimiento_delta1	0.000208399143408894	0.00056620621652912	0.000705806865575874
Master_mpagospesos	0.000206289591385321	0.000626482032169121	0.00109079242861726
Visa_delinquency_avg6	0.000205497025319948	0.000326542990520245	0.000705806865575874
mtransferencias_emitidas_lag1	0.000205125101940573	0.000148042266095562	0.000641642605068977
Master_mpagominimo	0.000204747517049754	0.000661723294704489	0.000769971126082772
mprestamos_prendarios_lag1	0.000202709995516601	0.00560709519142245	0.00205325633622073
mv_mconsumosdolares_avg6	0.0002007887522017	0.000949740949017967	0.00115495668912416
tmobile_app_tend6	0.000198103858408857	0.00203097141469043	0.00128328521013795
mv_mfinanciacion_limite_lag1	0.000197552598965432	0.000351366593960608	0.00109079242861726
mtarjeta_visa_debitos_automaticos_lag1	0.000196400863038209	0.00422269402822508	0.00205325633622073
mv_mconsumospesos_tend6	0.000196307727106472	0.000249558218084476	0.000641642605068977
ctrx_quarter_avg6	0.000195101648992932	0.000240606397648294	0.00102662816811036
cpagomiscuentas_tend6	0.000194040037960208	0.00128564975595463	0.00115495668912416
Visa_mconsumospesos_lag1	0.000191349237428267	0.000667431836693602	0.00115495668912416
mv_mpagado_avg6	0.000191205791569452	0.00175366477316485	0.00115495668912416
cliente_edad_tend6	0.000190380097749147	0.00027565309834455	0.00121912094963106
mvr_Master_mlimitecompra_avg6	0.000188411229880593	0.0010385444814869	0.00128328521013795
ctransferencias_emitidas_delta1	0.000186079284744298	0.000486097413225093	0.000769971126082772
Master_msaldopesos_avg6	0.000185018000681776	0.000107382677169802	0.00102662816811036
ccheques_depositados_avg6	0.000184915215956419	0.00226163237830483	0.00109079242861726
ctarjeta_visa_descuentos_avg6	0.000184181675477604	0.00329506885604795	0.00141161373115175
ccaja_seguridad_avg6	0.000183649398222079	0.000159366601956937	0.000192492781520693
cmobile_app_trx_lag1	0.000183481580765834	0.00255853874249378	0.00153994225216554
Master_msaldopesos	0.000182060892438167	0.00434112930554548	0.00173243503368624
mv_mpagominimo_lag1	0.000180777447986577	0.000350731769130725	0.000769971126082772
Master_mlimitecompra	0.000175712413052438	0.000213117854895519	0.000577478344562079
mvr_mpagado_avg6	0.000175644499549837	0.000758561045626463	0.00083413538658967
mv_fultimo_cierre_lag1	0.000175019689353855	0.000150393628441473	0.000898299647096567
mvr_mconsumospesos_avg6	0.000173027188930109	0.000379537730310216	0.000898299647096567
Visa_mpagospesos_delta1	0.000171097940070808	0.00036941923619363	0.000705806865575874
mvr_msaldopesos2	0.000170886105557489	0.000219154734516346	0.00102662816811036
mcaja_ahorro_adicional_avg6	0.000170856733107584	0.0041892261375781	0.00160410651267244
ctransferencias_emitidas_lag1	0.000170650621692564	0.000200800254113569	0.000513314084055181
cforex_buy_tend6	0.000170596755031404	0.0042336491150047	0.00160410651267244
mv_fultimo_cierre	0.000170555879463721	0.000185588400692704	0.000962463907603465
Visa_mpagado_tend6	0.000170037795178442	0.00111004804942298	0.00102662816811036
Master_cconsumos_avg6	0.000169699916264977	0.000906839133688307	0.00102662816811036
ctarjeta_debito_trx_delta1	0.000169233206612828	0.00164850491270532	0.00115495668912416
mvr_msaldodolares2_delta1	0.000166567320015878	0.00407036849602632	0.00166827077317934
mvr_mpagospesos_avg6	0.000165104629267742	0.00129173777488801	0.00109079242861726
mv_mlimitecompra_tend6	0.000162854885410722	0.000855012462287263	0.000641642605068977
ccuenta_debitos_automaticos_delta1	0.000161821016455936	0.00266737610065421	0.00115495668912416
mv_mconsumosdolares_tend6	0.000161527030306078	0.000224962765713512	0.00083413538658967
ctarjeta_visa_debitos_automaticos	0.000158883463531214	0.000277858597423983	0.000769971126082772
Master_mfinanciacion_limite_avg6	0.000158765941258528	0.000324817968527362	0.000962463907603465
ctarjeta_master	0.000157081644962881	1.08667552397623e-05	6.41642605068977e-05
Master_msaldodolares_avg6	0.000156662273578833	0.00018471821879938	0.000769971126082772
mv_mlimitecompra_avg6	0.000154932165995791	0.000177530123517624	0.000962463907603465
cproductos_lag1	0.000154204892072595	0.000106406381202937	0.000577478344562079
mv_msaldopesos_tend6	0.000153547158291431	0.000448487005810132	0.000898299647096567
Visa_cconsumos	0.000153168622350298	0.000160122533976996	0.00083413538658967
cplazo_fijo_avg6	0.00015190457346503	0.00184179849686509	0.000769971126082772
mvr_msaldopesos2_lag1	0.000150920130386038	0.000185114548471643	0.000705806865575874
Master_mlimitecompra_lag1	0.000150071608372169	0.000445600656519521	0.000705806865575874
cmobile_app_trx_delta1	0.000149556192850526	0.00151534697597889	0.00109079242861726
mpayroll_sobre_edad_lag1	0.000147771028487044	0.00151346493305133	0.000898299647096567
mtarjeta_visa_consumo_avg6	0.000146787165817487	0.000241637203473309	0.000769971126082772
Master_mpagospesos_avg6	0.000145331579952681	0.00186998881045691	0.00115495668912416
Master_mlimitecompra_avg6	0.000143364689581993	0.000189663971451525	0.00083413538658967
mvr_msaldopesos	0.00014302835071311	0.000222575140945975	0.000384985563041386
mtransferencias_emitidas_delta1	0.000142143890344284	0.00101983748850466	0.000705806865575874
Master_fultimo_cierre_lag1	0.000142042412006721	0.000295722605329121	0.000962463907603465
mextraccion_autoservicio_avg6	0.000141075690638035	0.000153471866379857	0.00083413538658967
ccuenta_debitos_automaticos_avg6	0.000140663373001565	0.000837341621512712	0.00083413538658967
Master_Finiciomora_avg6	0.000137447752262254	0.00245097045286456	0.000962463907603465
Master_mpagominimo_lag1	0.00013708501110943	0.000344216736937554	0.000705806865575874
Master_msaldototal_tend6	0.000136972378459629	0.00148428030850755	0.000962463907603465
internet_lag1	0.000131952759910518	0.00017701419758942	0.000384985563041386
Master_cconsumos_tend6	0.000130837008435078	0.000183034224482248	0.00083413538658967
ctransferencias_recibidas	0.000130771132897436	0.000234037088048394	0.000705806865575874
mrentabilidad_lag1	0.000130138006983265	0.000181175194245342	0.00083413538658967
mvr_mconsumosdolares_tend6	0.000129805446561136	0.000391553492922411	0.000705806865575874
Visa_mconsumospesos_delta1	0.000128981642897342	0.000144857681632216	0.000577478344562079
ccaja_ahorro_lag1	0.000127502260992243	0.000136582062378798	0.000256657042027591
ctarjeta_visa_avg6	0.000127464940852254	8.11301948465049e-06	0.000128328521013795
mvr_mconsumospesos_tend6	0.000126147369632323	0.000152094824163735	0.000769971126082772
mvr_Visa_mlimitecompra	0.000125303218418759	0.000241226810490094	0.000705806865575874
Visa_msaldototal_delta1	0.000123374151707241	0.000705245871553081	0.000769971126082772
mcomisiones_otras_lag1	0.000122804650984424	0.000199323606463685	0.000641642605068977
mv_fultimo_cierre_delta1	0.000122544492813355	3.91692266420558e-05	0.000320821302534488
mvr_msaldopesos_tend6	0.000121694282946455	0.000606920663990161	0.000705806865575874
Master_msaldototal	0.000120983880461738	0.000317665903215812	0.000641642605068977
Master_mconsumospesos_tend6	0.000119378787098754	0.000233942596545886	0.000641642605068977
cforex_sell_avg6	0.000119204702340381	0.000292225025027827	0.000577478344562079
mv_msaldototal_tend6	0.000118934160439246	0.00105495183256434	0.000577478344562079
Master_fultimo_cierre	0.00011883243818042	0.000112185007295386	0.000769971126082772
ccuenta_debitos_automaticos_lag1	0.000118678581530648	0.00282493423055824	0.00121912094963106
ccomisiones_otras_delta1	0.00011781011956	0.000126500760489521	0.000705806865575874
Visa_mconsumosdolares_delta1	0.000117296431083021	0.000195062074568318	0.000577478344562079
Master_msaldototal_avg6	0.000116662506032774	0.000274548489193469	0.000577478344562079
ctarjeta_visa_trx_lag1	0.000115263897338465	0.000576928270759508	0.000705806865575874
Visa_fultimo_cierre_lag1	0.000114791559394446	4.14195888456803e-05	0.000384985563041386
Visa_mpagado	0.00011425309322006	0.00105334257137895	0.000769971126082772
mvr_mpagospesos_lag1	0.000112956958704067	0.000120066970067879	0.000577478344562079
Visa_msaldototal_lag1	0.000112669816906488	0.000136387035636845	0.000513314084055181
mvr_mpagosdolares_avg6	0.000112501343270317	0.000679202130605556	0.000705806865575874
mautoservicio_avg6	0.000112019279829053	8.88560664900092e-05	0.000577478344562079
mv_msaldopesos_delta1	0.00011191165027125	0.000469458889209791	0.000705806865575874
mvr_msaldodolares2_avg6	0.000111447279799759	0.00018088149187531	0.000513314084055181
mvr_mconsumospesos_lag1	0.000111160609048293	9.3014971083145e-05	0.000577478344562079
mcomisiones_lag1	0.000109870663077906	0.000172800666912424	0.000769971126082772
Visa_mconsumosdolares_tend6	0.000109490306405442	0.000238521889533326	0.000513314084055181
mvr_msaldototal_avg6	0.000108629733897308	7.32942574553076e-05	0.000577478344562079
matm_tend6	0.000108382403707867	0.000200593837252003	0.000577478344562079
mtarjeta_visa_debitos_automaticos	0.000107890682701524	0.000305736728757821	0.000577478344562079
mautoservicio_tend6	0.000105034939326366	0.000954217730928886	0.00083413538658967
mv_cconsumos	0.000103178810298277	0.000719542563730719	0.000705806865575874
Visa_mconsumototal_tend6	0.00010282415960506	0.000123533285653092	0.000577478344562079
mvr_msaldodolares2_tend6	0.000102538980375202	0.000472837454383697	0.000513314084055181
cforex_sell_tend6	0.000102289036663666	0.00259839184121548	0.00102662816811036
Visa_mfinanciacion_limite_tend6	0.000101990837973054	8.90291265727071e-05	0.000449149823548284
cpagomiscuentas	0.000101924916898466	0.00153305547388359	0.00083413538658967
mpagomiscuentas_lag1	0.000101293282879155	0.000790496732734019	0.000705806865575874
Visa_mconsumosdolares	0.000101072489158346	0.000286082380010589	0.000577478344562079
Visa_mpagosdolares_avg6	0.000101042684853962	7.47643964654123e-05	0.000513314084055181
mtarjeta_master_consumo_delta1	9.99176037167783e-05	0.00294092272422454	0.00121912094963106
mtransferencias_emitidas_tend6	9.97262124927929e-05	0.000140097192762354	0.000513314084055181
matm_other_tend6	9.80958812106447e-05	0.00107697962654244	0.000705806865575874
cforex_avg6	9.63863432632983e-05	0.000131246488694169	0.000513314084055181
mextraccion_autoservicio_tend6	9.60651200476982e-05	0.000186960677654701	0.000513314084055181
mcuenta_debitos_automaticos_lag1	9.48370748367767e-05	0.00031844205850947	0.000577478344562079
cextraccion_autoservicio_tend6	9.47235318213107e-05	0.00217822753008124	0.00102662816811036
Master_mlimitecompra_delta1	9.38559619268986e-05	0.000453734247954902	0.000320821302534488
Master_msaldopesos_delta1	9.35395764519262e-05	0.00102888647363469	0.000577478344562079
mforex_buy_tend6	9.26571988384971e-05	0.00057018601730262	0.000769971126082772
mpagomiscuentas_avg6	9.24374341780157e-05	0.000496816910489853	0.000513314084055181
ccajas_otras	9.23219468842587e-05	0.00176830026328814	0.000705806865575874
ctarjeta_master_trx_tend6	9.13413378668154e-05	0.000430126132993286	0.000577478344562079
minversion1_pesos_avg6	9.12559740093177e-05	0.00260951034134384	0.000962463907603465
ctarjeta_master_trx_avg6	8.99775432874534e-05	0.000826268681862804	0.000705806865575874
mvr_Visa_mlimitecompra_avg6	8.89872897688082e-05	0.000274841494209239	0.000577478344562079
mv_mconsumospesos	8.83663640236176e-05	0.000913408559513917	0.000641642605068977
matm_avg6	8.83025432473487e-05	4.11887645849428e-05	0.000449149823548284
mcaja_ahorro_adicional_lag1	8.78439443971315e-05	0.00208048194013579	0.000769971126082772
mv_status01_tend6	8.71209856594465e-05	4.37936152051077e-05	0.000192492781520693
Master_fultimo_cierre_delta1	8.66735607172843e-05	0.000494804462315297	0.000577478344562079
mv_mpagospesos_delta1	8.64137267170151e-05	0.000900815852475589	0.000641642605068977
ccuenta_debitos_automaticos	8.58741818395655e-05	0.000227460107551611	0.000513314084055181
Master_msaldototal_lag1	8.38160171397467e-05	0.000197197024641574	0.000320821302534488
Master_mpagominimo_delta1	8.37625687093077e-05	0.00074845394162949	0.000449149823548284
mautoservicio_lag1	8.1629670416097e-05	4.30071158232294e-05	0.000449149823548284
mvr_mconsumosdolares_avg6	8.07885709244187e-05	0.000121581274847913	0.000513314084055181
cseguro_vida_tend6	8.0497568564282e-05	0.00194102677819736	0.00083413538658967
ctarjeta_debito	8.03914656139291e-05	8.51577643869553e-05	0.000641642605068977
mv_status07	8.00166136863745e-05	1.11591791269805e-05	6.41642605068977e-05
mv_status01_lag1	7.91266750736478e-05	0.00136213615254446	0.000513314084055181
mpasivos_margen_delta1	7.86122915983625e-05	8.87504173193091e-05	0.000577478344562079
mdescubierto_preacordado_lag1	7.82004300778602e-05	9.43845748538045e-05	0.000256657042027591
Visa_mlimitecompra_delta1	7.81497123711642e-05	0.000162104531015442	0.000192492781520693
mvr_msaldopesos_avg6	7.77071664141585e-05	9.79602588324486e-05	0.000320821302534488
ctarjeta_debito_trx_lag1	7.72579664642381e-05	0.000802602802723149	0.000577478344562079
Visa_fultimo_cierre_delta1	7.62196072679773e-05	2.75460744793936e-05	0.000256657042027591
Visa_mlimitecompra_avg6	7.61817753972267e-05	0.000299317350324262	0.000449149823548284
catm_trx_avg6	7.60679013057683e-05	8.51394007247214e-05	0.000384985563041386
ctarjeta_master_descuentos_avg6	7.57397755103189e-05	0.00199321037875486	0.000769971126082772
mv_status02_avg6	7.55579502176409e-05	0.000875254796903111	0.000449149823548284
mvr_Master_mlimitecompra	7.54939155670275e-05	8.51588104183483e-05	0.000384985563041386
Master_mconsumospesos_avg6	7.52321874910839e-05	0.000695721407042048	0.000577478344562079
ctransferencias_emitidas	7.51525123925481e-05	6.79535698394235e-05	0.000384985563041386
mv_msaldodolares_avg6	7.47518195545495e-05	0.00189016280435507	0.000898299647096567
mv_mpagado_tend6	7.37778770340186e-05	0.000535567259671839	0.000449149823548284
Visa_fechaalta_delta1	7.35637686594312e-05	1.78153093325053e-05	0.000192492781520693
Master_delinquency_tend6	7.30144027318006e-05	0.000161048736662704	0.000320821302534488
ccheques_emitidos_avg6	7.20354039306268e-05	0.00104751164371685	0.000449149823548284
ctarjeta_debito_trx_tend6	7.09652289660332e-05	0.000131198603701508	0.000384985563041386
mv_mfinanciacion_limite	7.00356616394588e-05	0.000174121688336161	0.000449149823548284
mextraccion_autoservicio	6.9965850888528e-05	7.32103424924414e-05	0.000449149823548284
catm_trx_other_tend6	6.90866519032282e-05	0.000531685902074998	0.000513314084055181
cinversion1	6.88487739893575e-05	0.00123597849035186	0.000449149823548284
mvr_msaldopesos2_delta1	6.85536251543629e-05	5.75655483005562e-05	0.000384985563041386
mv_status05_delta1	6.82708858836494e-05	0.000675717335132399	0.000513314084055181
mvr_msaldototal_lag1	6.79447275082176e-05	7.05657426793399e-05	0.000384985563041386
Visa_Finiciomora_tend6	6.79293994736049e-05	0.000515210791408436	0.000256657042027591
Master_mpagosdolares_avg6	6.7810386425819e-05	0.00140735016215564	0.000641642605068977
catm_trx_tend6	6.77008902264848e-05	0.000363069244509144	0.000449149823548284
ccomisiones_otras_lag1	6.7452004315809e-05	9.87273485206999e-05	0.000449149823548284
mprestamos_prendarios_delta1	6.69186897883754e-05	4.71325474117869e-05	0.000705806865575874
tpaquete9	6.60750387347088e-05	0.000325610395420468	0.000256657042027591
mvr_mconsumosdolares_lag1	6.57670260857344e-05	8.99543994527327e-05	0.000384985563041386
Master_mpagado_avg6	6.51528640700333e-05	8.11966759528201e-05	0.000320821302534488
Visa_delinquency_lag1	6.47177301841167e-05	3.2911053268739e-05	0.000128328521013795
mv_mconsumosdolares_lag1	6.36210557030042e-05	3.10484200348124e-05	0.000256657042027591
Master_Fvencimiento_delta1	6.33452973954077e-05	0.000591685565427228	0.000449149823548284
Master_status_lag1	6.31608626864248e-05	0.00120808652815849	0.000449149823548284
mcuenta_debitos_automaticos_avg6	6.28378011965719e-05	0.000147337357162343	0.000513314084055181
mv_mconsumospesos_lag1	6.18585519421952e-05	6.25009568644809e-05	0.000384985563041386
cmobile_app_trx	6.16260193939235e-05	2.129580445438e-05	0.000192492781520693
Master_mconsumospesos	6.14450242173752e-05	7.37556735253618e-05	0.000320821302534488
mtransferencias_recibidas_delta1	6.04974317252741e-05	0.000139212831332369	0.000320821302534488
catm_trx_other_avg6	6.01751480960391e-05	9.75091868506148e-05	0.000384985563041386
mv_msaldototal_delta1	5.97320377795065e-05	5.2687206560409e-05	0.000384985563041386
mcheques_depositados_avg6	5.89487246722503e-05	0.000799060707974793	0.000384985563041386
Visa_mconsumototal	5.85186580779594e-05	5.43536507952798e-05	0.000320821302534488
ctarjeta_debito_lag1	5.82806461660264e-05	7.90554496912059e-05	0.000320821302534488
mforex_sell_lag1	5.77284875545461e-05	0.000120205743566026	0.000256657042027591
ccallcenter_trx_lag1	5.750310430679e-05	0.000198543615721586	0.000256657042027591
ccajas_consultas	5.72816409689229e-05	0.000492065835902529	0.000320821302534488
mtarjeta_master_consumo_tend6	5.71844300404027e-05	9.18856058557605e-05	0.000320821302534488
mv_mconsumospesos_avg6	5.66270772310539e-05	2.62714271140827e-05	0.000256657042027591
Visa_mpagado_delta1	5.64739797792176e-05	8.08388169906798e-05	0.000192492781520693
Master_mpagospesos_lag1	5.6369137306459e-05	0.000165232629783563	0.000256657042027591
mautoservicio_delta1	5.54827251942685e-05	0.000374764921515059	0.000384985563041386
mvr_mconsumospesos	5.48301594832168e-05	0.000107070611137536	0.000320821302534488
mv_mfinanciacion_limite_avg6	5.46684100116483e-05	1.92453504725422e-05	0.000192492781520693
mv_status03_tend6	5.4550667892559e-05	0.000376190778529523	0.000256657042027591
mprestamos_prendarios	5.42747655090515e-05	0.000706149293999562	0.000256657042027591
mv_msaldodolares_lag1	5.34928901748759e-05	6.85280735256396e-05	0.000256657042027591
mvr_mconsumototal_avg6	5.33326307318998e-05	6.20054866612968e-05	0.000256657042027591
Master_mconsumototal_tend6	5.33183873724096e-05	9.25623881670767e-05	0.000256657042027591
mvr_Visa_mlimitecompra_lag1	5.22526205334864e-05	0.000155497912962523	0.000320821302534488
ctarjeta_master_trx	5.17140371574531e-05	4.79239282734995e-05	6.41642605068977e-05
mv_mconsumosdolares_delta1	5.14956949666525e-05	6.92966741481253e-05	0.000256657042027591
ctarjeta_visa	5.11421647809091e-05	0.000147556558852046	0.000192492781520693
cseguro_vivienda	5.02251253400246e-05	0.000266393279775964	0.000320821302534488
Master_delinquency	5.01873087726739e-05	5.34430223547572e-05	0.000128328521013795
Master_mconsumosdolares_avg6	4.94259817987355e-05	0.00012517520626308	0.000320821302534488
mcaja_ahorro_adicional	4.94000294720754e-05	0.00228836905693741	0.00083413538658967
tcuentas_tend6	4.88937493336489e-05	0.00126684664430993	0.000513314084055181
mcheques_emitidos_avg6	4.88282571275111e-05	0.000669868160033772	0.000320821302534488
mv_mconsumototal	4.83569866889467e-05	0.000667042015661118	0.000384985563041386
ccajas_extracciones_tend6	4.75492463694663e-05	0.000268616445163369	0.000256657042027591
Master_mpagado_tend6	4.68397116994979e-05	7.94575906489861e-05	0.000256657042027591
Master_mpagospesos_delta1	4.63264323085253e-05	0.00015195663179414	0.000320821302534488
Visa_mconsumototal_lag1	4.62494147760159e-05	8.4037348539267e-05	0.000320821302534488
mvr_mconsumosdolares	4.57748712761473e-05	5.15751589638654e-05	0.000256657042027591
mv_mlimitecompra_delta1	4.51664409435786e-05	9.8005354408061e-05	0.000192492781520693
mprestamos_prendarios_avg6	4.44713381261963e-05	0.000621542904382465	0.000256657042027591
cseguro_vida_avg6	4.36683478327346e-05	0.000263219039400838	0.000256657042027591
tpaquete7	4.18265687280548e-05	9.15872544573148e-05	6.41642605068977e-05
cprestamos_personales_lag1	4.17974653940358e-05	2.42955900382839e-05	0.000128328521013795
mextraccion_autoservicio_delta1	4.15530682318198e-05	0.000446335667911718	0.000384985563041386
Master_mconsumototal_avg6	4.12897411372165e-05	0.000337290149504066	0.000256657042027591
Visa_mconsumototal_avg6	4.06492714573754e-05	1.45420446521687e-05	0.000128328521013795
mv_status06_delta1	4.02820854133955e-05	8.35081728800839e-05	0.000128328521013795
mv_status01_avg6	3.9929607056453e-05	0.00017593759883453	0.000192492781520693
Visa_Fvencimiento_delta1	3.96391082154974e-05	5.09603249561609e-06	6.41642605068977e-05
matm	3.88205577236493e-05	5.1783900339638e-05	0.000256657042027591
mv_mlimitecompra_lag1	3.8481603466403e-05	7.54228151144946e-05	0.000256657042027591
catm_trx_other	3.81219381103258e-05	0.000565538034920369	0.000320821302534488
ctarjeta_visa_debitos_automaticos_lag1	3.77034923953421e-05	6.16930719518999e-05	0.000192492781520693
mtarjeta_master_consumo_lag1	3.76371741788649e-05	0.000193585194467013	0.000192492781520693
mforex_buy_lag1	3.69541938937028e-05	1.29202310900689e-05	0.000192492781520693
cseguro_vida	3.65247073355923e-05	0.000278088375653328	0.000192492781520693
mvr_mpagado_tend6	3.54023470309297e-05	8.07064359066013e-05	0.000192492781520693
Master_msaldototal_delta1	3.52548416653586e-05	1.90363766453489e-05	0.000192492781520693
mtarjeta_master_consumo_avg6	3.50430597808053e-05	1.65368265187531e-05	0.000128328521013795
mvr_mconsumototal_lag1	3.50172716857536e-05	2.92263495737949e-05	0.000192492781520693
minversion1_pesos_lag1	3.50152605950583e-05	0.0010169572991767	0.000384985563041386
Visa_mlimitecompra_tend6	3.46258913398305e-05	2.74148556524185e-05	0.000192492781520693
Visa_mpagosdolares_tend6	3.46157268962866e-05	0.000472947868808521	0.000320821302534488
minversion1_pesos	3.37401193576591e-05	0.000351311386748196	0.000128328521013795
mv_fechaalta_delta1	3.36796029960015e-05	2.75716441356686e-05	6.41642605068977e-05
cforex_tend6	3.36121963718651e-05	1.62519573027071e-05	0.000128328521013795
mvr_mpagospesos_delta1	3.31246688703396e-05	3.90538145116871e-05	0.000192492781520693
mextraccion_autoservicio_lag1	3.30393442044757e-05	3.00793300619883e-05	0.000192492781520693
mforex_sell_delta1	3.28428048794481e-05	9.08645629904138e-05	0.000192492781520693
mv_mlimitecompra	3.24169993488872e-05	4.74343855815428e-05	0.000192492781520693
tmobile_app_lag1	3.06768975259682e-05	2.08490328238288e-05	0.000128328521013795
Master_cconsumos	3.04347193567336e-05	3.83084590312696e-05	0.000192492781520693
cforex_buy_avg6	2.97400532461281e-05	0.000501761035982053	0.000192492781520693
mforex_sell	2.96060118864147e-05	0.000168738927013133	0.000192492781520693
ctarjeta_visa_debitos_automaticos_delta1	2.93698266778713e-05	0.000194288941143129	0.000192492781520693
Master_mconsumosdolares_lag1	2.92121553757417e-05	2.59184496317768e-05	0.000128328521013795
matm_other_lag1	2.89999416367091e-05	0.00016896254527983	0.000192492781520693
Master_mconsumototal	2.86026120007726e-05	4.69542571721237e-05	0.000128328521013795
mtarjeta_visa_descuentos_avg6	2.85665762266118e-05	0.000966663296217921	0.000384985563041386
matm_other_avg6	2.81574704378473e-05	2.13221876906274e-05	0.000192492781520693
mvr_msaldototal_delta1	2.80941285460182e-05	0.000557338194830094	0.000256657042027591
tmobile_app	2.79168972593309e-05	1.62177869438668e-05	0.000128328521013795
mvr_Master_mlimitecompra_lag1	2.77963154264313e-05	5.38546938207854e-05	0.000192492781520693
mv_status07_avg6	2.76910795443199e-05	6.43143103972228e-05	0.000128328521013795
mv_Finiciomora_delta1	2.67936732457097e-05	0.000311484206359899	0.000128328521013795
Master_msaldopesos_lag1	2.62195777703941e-05	0.0002979027672037	0.000192492781520693
mvr_msaldodolares2_lag1	2.58851305510368e-05	4.2302671792852e-05	0.000128328521013795
cpagomiscuentas_delta1	2.57491490188226e-05	0.000790573093025713	0.000320821302534488
cextraccion_autoservicio_delta1	2.55352522790579e-05	1.03027118674769e-05	0.000128328521013795
mvr_mconsumototal	2.52698413092964e-05	2.65719868010248e-05	0.000128328521013795
Master_msaldodolares_lag1	2.50750461986005e-05	4.58470910554143e-05	0.000128328521013795
mvr_mconsumosdolares_delta1	2.49916090764719e-05	0.00051280991690992	0.000256657042027591
mvr_mpagosdolares_tend6	2.4151163525198e-05	0.000172872610627125	0.000192492781520693
Visa_mpagosdolares_lag1	2.38182130529988e-05	1.71668860945122e-05	0.000128328521013795
tcallcenter_delta1	2.27589848716109e-05	2.28733360208398e-05	0.000128328521013795
ctarjeta_visa_descuentos_tend6	2.21149196393073e-05	0.000422110626879611	0.000192492781520693
ctarjeta_master_debitos_automaticos_avg6	2.05416767572456e-05	0.000224171152400379	0.000128328521013795
cextraccion_autoservicio_lag1	2.02057256989107e-05	0.000149401758229422	0.000128328521013795
Visa_msaldodolares_avg6	1.97031691389504e-05	2.21747032759794e-05	0.000128328521013795
Master_mconsumospesos_delta1	1.96591897804954e-05	1.82257023157197e-05	0.000128328521013795
mv_status02_tend6	1.96081186025877e-05	2.27359572312166e-05	0.000128328521013795
mv_Fvencimiento_delta1	1.86705151248125e-05	4.98492071652999e-06	6.41642605068977e-05
Master_msaldodolares_tend6	1.85153938916566e-05	1.98593709002743e-05	0.000128328521013795
Master_mconsumosdolares_tend6	1.83081037415925e-05	1.57618334821986e-05	0.000128328521013795
ctarjeta_debito_trx	1.80326089510767e-05	3.0717409211761e-05	0.000128328521013795
mvr_Visa_mlimitecompra_tend6	1.77956936583833e-05	7.03711808402288e-05	6.41642605068977e-05
ccajas_extracciones	1.77097381938417e-05	0.00036266919561415	0.000192492781520693
cextraccion_autoservicio	1.70377289533728e-05	0.000180110334287197	0.000128328521013795
ccajas_otras_lag1	1.66802208167969e-05	0.000880207290646456	0.000320821302534488
mv_mpagosdolares_tend6	1.64205174553071e-05	0.000236583477136257	0.000128328521013795
cseguro_accidentes_personales_lag1	1.63852352802765e-05	2.84880838617082e-05	0.000128328521013795
mv_mconsumosdolares	1.60347598024489e-05	0.000178045933220118	0.000128328521013795
mttarjeta_master_debitos_automaticos_tend6	1.60186333782673e-05	0.000556389328130869	0.000256657042027591
mttarjeta_master_debitos_automaticos_avg6	1.5867677282652e-05	2.90108671068225e-05	6.41642605068977e-05
mv_mconsumototal_tend6	1.57375297050718e-05	1.60960986251396e-05	0.000128328521013795
cforex_sell	1.49790110916367e-05	5.52105829576248e-05	6.41642605068977e-05
tpaquete9_avg6	1.49467440596345e-05	0.000471383122070199	0.000192492781520693
mvr_mconsumototal_tend6	1.46071474328472e-05	5.98202108554633e-06	6.41642605068977e-05
Visa_status_tend6	1.3918890087505e-05	5.79152714629726e-06	6.41642605068977e-05
thomebanking_lag1	1.38823649778019e-05	3.9411557248117e-05	6.41642605068977e-05
Visa_mpagosdolares	1.37552721081375e-05	4.32998883875787e-06	6.41642605068977e-05
ctransferencias_recibidas_lag1	1.33190087566596e-05	5.75102248624339e-05	6.41642605068977e-05
Master_mconsumospesos_lag1	1.32837079189463e-05	1.14604361681847e-05	6.41642605068977e-05
mcaja_ahorro_adicional_tend6	1.28413052913443e-05	6.96096699860739e-05	6.41642605068977e-05
mttarjeta_master_debitos_automaticos_delta1	1.28095768643669e-05	0.0001635314340613	0.000128328521013795
mvr_mpagosdolares	1.27305206203917e-05	3.90366131065566e-05	6.41642605068977e-05
matm_lag1	1.26176845473491e-05	1.22184602510293e-05	6.41642605068977e-05
Master_mpagosdolares_delta1	1.26004745678058e-05	5.18471271260635e-06	6.41642605068977e-05
mv_mpagosdolares_avg6	1.25233670811655e-05	7.61778173288704e-06	6.41642605068977e-05
ccajas_otras_avg6	1.23745344255958e-05	1.64386157935149e-05	6.41642605068977e-05
tpaquete9_lag1	1.2265831763533e-05	6.78096824100212e-05	6.41642605068977e-05
Master_madelantopesos_avg6	1.21118474610115e-05	6.0432720348961e-06	6.41642605068977e-05
mttarjeta_master_debitos_automaticos_lag1	1.2071062780593e-05	9.87104957927005e-06	6.41642605068977e-05
ccajas_depositos_tend6	1.19105734133651e-05	1.62503301427623e-05	6.41642605068977e-05
Master_mconsumototal_lag1	1.17528073048071e-05	2.64956265093307e-05	6.41642605068977e-05
catm_trx	1.15633347912372e-05	1.48827022091785e-05	6.41642605068977e-05
cliente_edad_delta1	1.13004328325474e-05	5.88927296869413e-05	6.41642605068977e-05
Visa_mfinanciacion_limite_delta1	1.10737312528804e-05	1.38825799716933e-05	6.41642605068977e-05
Visa_delinquency_delta1	1.0926061655701e-05	0.000133773700539826	6.41642605068977e-05
cpagomiscuentas_lag1	1.08381604198538e-05	5.53931735485706e-06	6.41642605068977e-05
mplazo_fijo_dolares_lag1	1.07692630206177e-05	0.000154918179119342	6.41642605068977e-05
Master_status_tend6	1.0498459282043e-05	8.92904019695539e-06	6.41642605068977e-05
ctarjeta_master_descuentos_tend6	1.04368235326728e-05	0.000324652579341547	0.000128328521013795
Visa_msaldodolares_tend6	1.04330383673534e-05	1.03415312547308e-05	6.41642605068977e-05
mvr_msaldopesos_delta1	1.00801837707263e-05	1.80679840267868e-05	6.41642605068977e-05
Visa_msaldodolares_lag1	9.92827998407994e-06	5.61683990365458e-06	6.41642605068977e-05
mv_status05_lag1	9.75212814696407e-06	6.09476002457721e-06	6.41642605068977e-05
mforex_buy_delta1	9.7002130425415e-06	4.30674369668965e-06	6.41642605068977e-05
Master_Finiciomora_lag1	9.37908351360894e-06	2.09504978689566e-05	6.41642605068977e-05
tpaquete7_tend6	9.21945262978848e-06	0.000529705067293655	0.000192492781520693
mttarjeta_master_debitos_automaticos	9.09735016149678e-06	1.1729382461914e-05	6.41642605068977e-05
cseguro_vivienda_avg6	8.9995427736352e-06	1.66960557419204e-05	6.41642605068977e-05
mvr_mpagado	8.51535066677442e-06	5.62567305764051e-06	6.41642605068977e-05
cplazo_fijo_lag1	8.4977610882636e-06	0.000339901160086879	0.000128328521013795
mvr_msaldodolares2	8.31106894117283e-06	0.000123789679570104	6.41642605068977e-05
Master_mconsumosdolares	8.24663192311882e-06	5.62811379755767e-06	6.41642605068977e-05
mv_status02_lag1	8.24348987384764e-06	1.83928348871902e-05	6.41642605068977e-05
Master_mpagado_delta1	8.02617487710672e-06	3.53579531485503e-05	6.41642605068977e-05
mvr_mconsumospesos_delta1	7.87107529266284e-06	9.08234190889531e-06	6.41642605068977e-05
Master_cconsumos_delta1	7.85997174292193e-06	1.85557833330884e-05	6.41642605068977e-05
mvr_msaldodolares_lag1	7.42054991901202e-06	2.87552867697824e-05	6.41642605068977e-05
mv_mconsumototal_avg6	7.34839326885699e-06	4.73224602224843e-06	6.41642605068977e-05
mv_mconsumototal_delta1	7.15928281133287e-06	4.15110584797187e-05	6.41642605068977e-05
catm_trx_lag1	6.08618191133459e-06	0.000132534269564748	6.41642605068977e-05
mcajeros_propios_descuentos_avg6	5.9360273779443e-06	0.000353136711529103	0.000128328521013795
mv_mfinanciacion_limite_delta1	5.55334440207256e-06	0.000171184548410131	6.41642605068977e-05
cprestamos_personales_delta1	5.48789959914896e-06	0.000145093271147077	6.41642605068977e-05
matm_other	5.02165166177164e-06	0.000147371295069763	6.41642605068977e-05
ctarjeta_debito_delta1	2.79496498943388e-06	0.000176568355764552	6.41642605068977e-05
