Feature	Gain	Cover	Frequency
ctrx_quarter_normalizado	0.103902708989137	0.00770415008360792	0.00427167876975652
ctrx_quarter	0.0776581802461691	0.00362549287227396	0.00341734301580521
mtarjeta_visa_consumo	0.0556017388663524	0.00578631871265968	0.00350277659120034
mcaja_ahorro	0.0546555337166014	0.00370418173964734	0.00449950163747686
mv_status07_tend6	0.0379320355588438	0.00106712174907559	0.000427167876975651
mcuentas_saldo	0.0337817213666455	0.00882785870328767	0.0104513740566709
mdescubierto_preacordado_tend6	0.0326414603989668	0.00140641081574012	0.00133845934785704
mv_status06_tend6	0.0189382753471698	0.000918734881961648	0.000398690018510608
ctrx_quarter_normalizado_lag1	0.0166610705004027	0.000645343401892913	0.00173714936636765
mpasivos_margen	0.0158266066415184	0.00548141170922507	0.0047842802221273
cpayroll_trx	0.0158189096847119	0.00454914982737841	0.00270539655417913
mprestamos_personales_tend6	0.0144040179039565	0.00572116813829299	0.00472732450519721
mv_status04	0.013648764758079	0.000191084000296311	0.000256300726185391
mpayroll_sobre_edad	0.0130500482236603	0.00469474482499569	0.00304713085575965
mprestamos_personales	0.0127588422218574	0.0073438916030276	0.00535383739142816
ctrx_quarter_avg6	0.0110901125742227	0.000504843947172746	0.00116759219706678
mpayroll	0.0109687678828111	0.00590601500302582	0.00330343158194504
mdescubierto_preacordado	0.00969524568356659	0.000613069881731487	0.000968247187811476
ctrx_quarter_lag1	0.00952299762417113	0.00246641259100774	0.00207888366794817
ccomisiones_mantenimiento_tend6	0.00945456998098357	0.00679752895683415	0.00424320091129147
foto_mes	0.00937994646761532	0.00689234051416944	0.00962551616118468
mcuenta_corriente	0.00907698814479019	0.00407457656832283	0.00592339456072903
ctarjeta_visa_trx	0.0079718465497139	0.00239189279857645	0.00239214011106365
mdescubierto_preacordado_delta1	0.00690767244347141	0.00315781890832076	0.00202192795101808
cproductos_tend6	0.00577059717321188	0.00300034558316153	0.00250605154492382
mv_msaldopesos	0.00576496092693152	0.000420457915900876	0.000968247187811476
mprestamos_personales_lag1	0.00553257721795572	0.000586802759527206	0.00105368076320661
cprestamos_personales_tend6	0.00492049372571475	0.00408453302871475	0.00182258294176278
mes	0.00484109447421374	0.00405418797878543	0.00538231524989321
mcaja_ahorro_lag1	0.0046569557405792	0.00429324485141971	0.00424320091129147
mactivos_margen	0.00414397652819638	0.00432340254660905	0.00526840381603303
ccaja_ahorro	0.00410305842146889	0.00270919872394911	0.00256300726185391
tcallcenter_tend6	0.00405584649115002	0.00475264237653616	0.00273387441264417
mcuenta_corriente_tend6	0.0038942748805738	0.003489171749153	0.00512601452370782
mcaja_ahorro_dolares_delta1	0.00372736529493325	0.005889483847641	0.0041292894774313
mcomisiones_mantenimiento_tend6	0.00358902333221987	0.00732284659307871	0.00612273956998434
cproductos_delta1	0.00346534349181305	0.00241242320010085	0.001309981489392
cprestamos_personales_avg6	0.00325198602121162	0.00335212903875447	0.00230670653566852
mcuenta_corriente_avg6	0.00308820209389915	0.00619095798892933	0.0078029332194219
mactivos_margen_avg6	0.00290419093641512	0.00441836609825414	0.00378755517585078
mvr_msaldopesos2	0.00290012132568225	0.00190749625156931	0.00176562722483269
Visa_fechaalta_tend6	0.00270249526715995	0.00668142208954162	0.0043286344866866
mrentabilidad_avg6	0.00269881558507486	0.00348895397086663	0.00418624519436138
cliente_edad_lag1	0.00252505596579694	0.0028022314603423	0.00598035027765912
mprestamos_personales_avg6	0.0025220953333777	0.000542511444856648	0.00125302577246191
cliente_edad_avg6	0.00251020982742447	0.00387393667404345	0.00620817314537947
Visa_status	0.00250620801814841	0.00076573573116299	0.000455645735440695
mtarjeta_visa_debitos_automaticos_tend6	0.00247445131858015	0.00606442226317682	0.00447102377901182
cprestamos_personales	0.0023593974301894	0.00102553393368177	0.00116759219706678
cliente_edad	0.00232697262009651	0.00269276056711276	0.0062936067207746
ccomisiones_mantenimiento_delta1	0.00230574785046367	0.00262487847665379	0.00224975081873843
Master_fechaalta	0.00229698980573869	0.0025305349359022	0.00373059945892069
mv_msaldototal	0.0022665337844266	0.000550262599257705	0.00122454791399687
Visa_msaldopesos	0.00222791105488445	0.000862581222910428	0.00205040580948313
cpayroll_trx_lag1	0.00222725567971115	0.000413617678270894	0.000284778584650434
cproductos	0.00215250113197831	0.00224311579422068	0.002619962978784
thomebanking_tend6	0.00210213254124713	0.00398371229642519	0.00327495372347999
mrentabilidad_annual	0.00205460562028697	0.00218947877339459	0.0036736437419906
mactivos_margen_tend6	0.00201479187083035	0.00261010238345781	0.00458493521287199
ccaja_ahorro_avg6	0.00200204667281437	0.00148006764088419	0.00205040580948313
mcomisiones_mantenimiento	0.00199654846847804	0.00382157269041474	0.00318952014808486
mcuentas_saldo_tend6	0.00198363236399602	0.00290687426635427	0.00324647586501495
ccaja_ahorro_tend6	0.00197266365751328	0.00288585856915291	0.00133845934785704
mtransferencias_emitidas_avg6	0.00196799756153805	0.00177732222759363	0.00327495372347999
mvr_mpagominimo_avg6	0.00193554350169604	0.00280094293367202	0.00341734301580521
thomebanking	0.00192173869850019	0.00222276509526639	0.00173714936636765
mprestamos_personales_delta1	0.00191841831471152	0.00521952816699162	0.00310408657268973
Visa_fechaalta_avg6	0.00186000504601218	0.0023070374547889	0.00307560871422469
internet_tend6	0.00177451847996813	0.00597719770885644	0.00333190944041008
mv_Finiciomora	0.0017725536454086	0.00236265496826007	0.00111063648013669
mcuentas_saldo_delta1	0.00176125345510231	0.00650362898266286	0.00481275808059234
Visa_Finiciomora	0.00173914460830153	0.0031443193081408	0.00136693720632208
ctarjeta_visa_debitos_automaticos_tend6	0.00170422891251706	0.00157002210680961	0.00239214011106365
numero_de_cliente	0.00169555334946828	0.00315980446127173	0.0060942617115193
cpayroll_trx_avg6	0.00169105694648149	0.00238677868065406	0.00139541506478713
mtransferencias_recibidas	0.00165103025657044	0.00294277886454632	0.00279083012957426
mcaja_ahorro_avg6	0.00161584729920119	0.00190858248942613	0.00452797949594191
mcaja_ahorro_delta1	0.00161025863472652	0.00620347934558547	0.00421472305282643
mrentabilidad_annual_tend6	0.00160054510440249	0.00652014471028583	0.00512601452370782
ctrx_quarter_delta1	0.00159227987866363	0.00143843199942862	0.00318952014808486
ccaja_seguridad	0.00158397601232991	0.00358849753131863	0.00185106080022782
mcuenta_corriente_lag1	0.00156276781210427	0.0029310437066344	0.00378755517585078
mv_fechaalta	0.00152926292846402	0.000505062034014354	0.00242061796952869
Visa_fultimo_cierre_avg6	0.00150431857319872	0.00321602779209549	0.00464189092980208
mv_fechaalta_avg6	0.00149317881232827	0.000819769245468798	0.00259148512031895
ctrx_quarter_normalizado_delta1	0.00149281428017075	0.00151260534603965	0.00290474156343443
mrentabilidad	0.00148912660234922	0.00145753749286792	0.00330343158194504
mcuenta_debitos_automaticos	0.00148725784199143	0.00449156342293907	0.00299017513882956
mcomisiones_mantenimiento_avg6	0.00146088577562132	0.00236205390265813	0.00256300726185391
mv_cconsumos_tend6	0.0014505873019702	0.00125533741988748	0.00236366225259861
mv_fechaalta_tend6	0.00143472546431974	0.00166116833648295	0.00253452940338887
ctrx_quarter_tend6	0.00142082986925192	0.000701913795647409	0.00253452940338887
chomebanking_trx	0.00142036603150858	0.00368904636473323	0.00361668802506052
Master_status	0.0014032744276066	0.000319666866625127	0.000170867150790261
mcuentas_saldo_avg6	0.00139968912466168	0.00131127132589881	0.00384451089278086
mv_mpagominimo	0.00138947231417008	0.000461585798858216	0.00105368076320661
chomebanking_trx_avg6	0.00132175890044803	0.00356208217917843	0.00444254592054678
mpayroll_lag1	0.00132122574630862	0.00057888584925276	0.000654990744695999
mcaja_ahorro_dolares_tend6	0.00131604853920607	0.00140293506441588	0.00259148512031895
ctransferencias_emitidas_avg6	0.00130656055672381	0.000766277801003591	0.0021643172433433
mcuenta_corriente_delta1	0.00130648806303066	0.00220512665855758	0.0034742987327353
Master_Fvencimiento	0.0012873838314468	0.002735176483052	0.00404385590203617
Visa_Fvencimiento	0.00127600972449793	0.00191146112465547	0.00390146660971095
mpasivos_margen_tend6	0.00127502425314721	0.00465315497313731	0.00415776733589634
ctransferencias_recibidas_avg6	0.00127189428689401	0.00383623702490384	0.00424320091129147
mpayroll_sobre_edad_avg6	0.0012693154922936	0.00112121012450256	0.00139541506478713
Master_fultimo_cierre_avg6	0.00126411051734202	0.00151620674105646	0.00430015662822156
Master_fechaalta_avg6	0.00125607025748553	0.000710075883913283	0.00324647586501495
ccallcenter_trx	0.00120691889169691	0.00323187987911442	0.00187953865869287
thomebanking_avg6	0.00120123534058664	0.00556945109621568	0.00341734301580521
mrentabilidad_annual_avg6	0.00119891819350762	0.00250052861791221	0.00427167876975652
chomebanking_trx_tend6	0.00119433412529702	0.00417276834828095	0.00381603303431582
chomebanking_trx_delta1	0.00117955502344855	0.00365996262690227	0.00313256443115478
Visa_fechaalta	0.00115691750661456	0.000861845935780332	0.00307560871422469
Visa_msaldototal	0.00115289331253007	0.000736755359336473	0.0015093264986473
ccallcenter_trx_avg6	0.00114426331648315	0.00188324504415134	0.00330343158194504
mv_mpagospesos_tend6	0.00114102478553588	0.000872762620070219	0.00185106080022782
Master_fechaalta_lag1	0.00113033144387752	0.00155887431464711	0.00327495372347999
ccomisiones_mantenimiento_avg6	0.00112769437099054	0.00606085567319076	0.00344582087427025
mv_Finiciomora_lag1	0.00112765186631943	0.00209438204930914	0.00125302577246191
mpasivos_margen_avg6	0.00111738358646626	0.000866095975616649	0.00270539655417913
mactivos_margen_lag1	0.00110375595653355	0.0015042797234981	0.00239214011106365
Master_Fvencimiento_lag1	0.00109173776098568	0.00110995149929888	0.00375907731738573
ccallcenter_trx_tend6	0.00108468842604326	0.00118580628681916	0.00185106080022782
ccomisiones_otras_tend6	0.00106827659600442	0.00287363348723547	0.00299017513882956
mtransferencias_recibidas_avg6	0.00104675288187718	0.002071594442803	0.0034742987327353
mrentabilidad_tend6	0.00103121932148751	0.00115976866800027	0.00296169728036452
ctarjeta_visa_trx_tend6	0.00101946249061533	0.00102683794982496	0.00202192795101808
Visa_mlimitecompra	0.00101612470422802	0.00273156107962743	0.00324647586501495
Visa_Fvencimiento_avg6	0.00101099505327128	0.00140640489147957	0.00375907731738573
Visa_cconsumos_avg6	0.00101020475844161	0.00204286887589131	0.00273387441264417
Visa_cconsumos_tend6	0.000997242124460612	0.00137355721173288	0.00290474156343443
cliente_antiguedad_avg6	0.000990276988142334	0.00135548303331819	0.00358821016659547
mcuentas_saldo_lag1	0.000988729306190761	0.00541429983434904	0.00387298875124591
mpagomiscuentas	0.000988079507597305	0.00238390294584395	0.00122454791399687
Master_Fvencimiento_avg6	0.000985343683914625	0.000982157115023042	0.0034742987327353
Visa_mpagominimo	0.000976533974779433	0.000756072706801589	0.00202192795101808
mv_cconsumos_avg6	0.000974530820876699	0.00143676018544277	0.00233518439413356
mv_Fvencimiento	0.00096803085393221	0.00160624612138314	0.00373059945892069
mtransferencias_recibidas_lag1	0.000960690514132272	0.00310174282005615	0.00304713085575965
internet_avg6	0.000960582582968935	0.0044368705260915	0.00310408657268973
mrentabilidad_annual_lag1	0.00095656821292936	0.00185685147601088	0.00307560871422469
mv_fultimo_cierre_avg6	0.000956437897963866	0.00114711623707939	0.00284778584650434
mv_fechaalta_lag1	0.000940867275145905	0.000947421138936125	0.00224975081873843
ccomisiones_otras_avg6	0.000930226781438825	0.00347371411914922	0.00358821016659547
mcomisiones_tend6	0.000929456981810502	0.00159633989378383	0.00299017513882956
mcaja_ahorro_dolares_avg6	0.000928237961011668	0.000940360037467401	0.00307560871422469
Visa_fechaalta_lag1	0.000917409055013388	0.00053032159994729	0.00227822867720347
cliente_antiguedad	0.000915334106104208	0.000950086562496605	0.00310408657268973
Master_fechaalta_tend6	0.000911834654749382	0.000302770752105821	0.00128150363092695
ctrx_quarter_normalizado_avg6	0.000902947215963543	0.00119509453998954	0.00170867150790261
mrentabilidad_annual_delta1	0.000894072579949114	0.00651265625981367	0.00452797949594191
Visa_mfinanciacion_limite	0.000891780007070162	0.00206415770618859	0.00239214011106365
mdescubierto_preacordado_avg6	0.000887196505557208	0.000918003544338587	0.0015093264986473
mpayroll_sobre_edad_lag1	0.000883900813115196	0.00104156825342376	0.000825857895486259
cliente_antiguedad_lag1	0.000883568723433338	0.0014886379477288	0.00296169728036452
mrentabilidad_delta1	0.000883007374283333	0.00150956811341842	0.00290474156343443
mcaja_ahorro_dolares	0.000880296239096209	0.00250437772107339	0.00284778584650434
mv_Finiciomora_avg6	0.000879953187613647	0.000767548431470119	0.000825857895486259
Visa_mpagospesos_avg6	0.000874549170471498	0.00102725702954804	0.00270539655417913
Visa_mpagado_avg6	0.000870416456555802	0.00191827550535658	0.00205040580948313
mcomisiones_otras_avg6	0.000866660996564314	0.00146701772910684	0.00293321942189947
mpayroll_avg6	0.000856059235022649	0.000847714105919484	0.00108215862167165
mactivos_margen_delta1	0.000851036716754107	0.00105529717185595	0.00247757368645878
ctransferencias_recibidas_tend6	0.000837411854734361	0.00523917381722905	0.00364516588352556
mvr_mpagominimo_tend6	0.000833339776795514	0.00194947605553638	0.00210736152641321
mv_mpagospesos	0.000828906572084058	0.000411873353804314	0.000939769329346433
mv_Fvencimiento_avg6	0.000828066932463913	0.00124668065586543	0.00284778584650434
mvr_mpagospesos_tend6	0.000823748334845459	0.000857582874913008	0.00173714936636765
Visa_mpagospesos	0.000817816220740782	0.00300967524444472	0.00310408657268973
cplazo_fijo	0.000812449224099018	0.00193198152899018	0.000797380037021216
mcomisiones_avg6	0.000804921938478486	0.00124318324396354	0.00284778584650434
ctarjeta_visa_trx_avg6	0.000804785137432907	0.000379744237493868	0.00156628221557739
Visa_Fvencimiento_lag1	0.000796823394297805	0.000625676091077837	0.00276235227110921
Master_mfinanciacion_limite	0.000794337141137232	0.00130991602787521	0.00236366225259861
mtarjeta_visa_debitos_automaticos_avg6	0.000792853172168024	0.000836233259234017	0.00202192795101808
ctarjeta_debito_trx_avg6	0.000791046530022582	0.0059736317976919	0.00350277659120034
ctrx_quarter_normalizado_tend6	0.000789745407330564	0.000720517763404264	0.001964972234088
mv_status02	0.000786989692040743	0.000213266406560333	0.000170867150790261
cmobile_app_trx_avg6	0.000781638031119335	0.000591879048577527	0.00256300726185391
mv_status01	0.000781231107831482	0.000536081215425773	0.000512601452370782
Master_fultimo_cierre_tend6	0.000777368831791373	0.0025728486583469	0.00202192795101808
mtransferencias_recibidas_tend6	0.000775684927734813	0.00102049004293135	0.00247757368645878
mcuenta_debitos_automaticos_tend6	0.000765522628055436	0.00274137066772647	0.00222127296027339
mv_msaldototal_lag1	0.000748411695554309	0.00024681166798714	0.000541079310835825
Visa_mpagospesos_tend6	0.000730016804473853	0.000725480874393604	0.00242061796952869
mtarjeta_master_consumo	0.000726868256189872	0.000659500224727969	0.000541079310835825
mpayroll_delta1	0.00072582941371141	0.00654296884973204	0.00253452940338887
mv_mpagominimo_avg6	0.000720411928485762	0.000613110919578026	0.00168019364943756
Visa_fultimo_cierre	0.000718746871863654	0.00242862321400517	0.0028193079880393
mcomisiones	0.000714057343217647	0.00171059036934766	0.00239214011106365
mcaja_ahorro_dolares_lag1	0.000713111520828045	0.000692212201881365	0.0021643172433433
cproductos_avg6	0.000704208871434735	0.0021952749835242	0.00276235227110921
ctarjeta_debito_avg6	0.000701305061900424	0.000710783462783085	0.00239214011106365
Visa_mpagominimo_avg6	0.000697379571652377	0.000914613756503406	0.0021643172433433
Master_mpagospesos_tend6	0.000690251463892885	0.00355381691004126	0.00222127296027339
Visa_delinquency_tend6	0.000689319259185568	0.0022120655721524	0.00116759219706678
active_quarter_avg6	0.000685603453102685	0.00202462474525201	0.00111063648013669
ctarjeta_visa_debitos_automaticos_avg6	0.000683871427041237	0.00231783664124448	0.00230670653566852
mcaja_ahorro_tend6	0.00068009770258097	0.0016359247537113	0.00253452940338887
Visa_mconsumospesos_tend6	0.000660887446463591	0.000879676910957114	0.00219279510180834
Visa_mconsumosdolares_avg6	0.000657927961359698	0.00188437614593963	0.00244909582799373
Visa_msaldototal_tend6	0.000655102322557656	0.000970678613357378	0.001964972234088
ccajas_extracciones_avg6	0.000647745872880418	0.00457683772302761	0.00236366225259861
Visa_Finiciomora_lag1	0.000646184512534946	0.00500737829841239	0.00176562722483269
Visa_mfinanciacion_limite_lag1	0.000644098328622795	0.00218146528533092	0.00199345009255304
tcallcenter	0.000640345588411024	0.000172271696043341	0.000313256443115478
mcomisiones_otras	0.000637914020734346	0.00371431882827508	0.002619962978784
mv_mpagominimo_delta1	0.000634412873395529	0.000981234719997147	0.00099672504627652
mv_msaldopesos_avg6	0.00063369348268806	0.00208486861252671	0.00153780435711235
Master_mpagominimo_tend6	0.000631822598094596	0.00129011202709009	0.00170867150790261
Master_Fvencimiento_tend6	0.000626478845280295	0.000439816116079388	0.00148084864018226
Visa_mlimitecompra_avg6	0.000624673028108426	0.000884690254739059	0.00199345009255304
Visa_mconsumospesos_avg6	0.00061693491000111	0.000687781040120849	0.00202192795101808
Master_mfinanciacion_limite_lag1	0.000616023182298423	0.00368815371443219	0.00247757368645878
Visa_cconsumos_lag1	0.000615102868262745	0.00147166308991297	0.00213583938487826
mplazo_fijo_dolares	0.000613864369601393	0.00252602151331546	0.00105368076320661
Visa_mpagospesos_lag1	0.000613344373614361	0.000643210482960683	0.00205040580948313
mvr_msaldopesos2_avg6	0.000610389800449072	0.000621325955922593	0.00230670653566852
Visa_msaldopesos_avg6	0.000607943027783264	0.000627062861735623	0.00170867150790261
Visa_Fvencimiento_tend6	0.000601742322140478	0.00126556553231017	0.00205040580948313
mcomisiones_otras_tend6	0.000600822565997581	0.000954538582591151	0.00210736152641321
ctarjeta_visa_tend6	0.000598861233676438	0.00052476890161083	0.000170867150790261
mvr_mpagominimo_delta1	0.000596804694138898	0.00163172969841824	0.00136693720632208
mcomisiones_mantenimiento_lag1	0.000595970503134614	0.00428872161677644	0.00224975081873843
mautoservicio_avg6	0.000594580757920729	0.000649270260973853	0.00207888366794817
cmobile_app_trx_tend6	0.000593826056197653	0.00298907325810532	0.00264844083724904
Master_cconsumos_avg6	0.000592670060260312	0.00427806300808689	0.00259148512031895
mvr_Master_mlimitecompra_avg6	0.000591292859541907	0.00170069179391823	0.00233518439413356
ccajas_consultas_tend6	0.000589740494326556	0.00399816656650885	0.00230670653566852
Master_mfinanciacion_limite_avg6	0.000587070096716819	0.000831699595423725	0.00207888366794817
ccajas_consultas_delta1	0.00058700489613218	0.00244492141018596	0.00111063648013669
mv_mpagominimo_tend6	0.000582681464225613	0.000626931602337745	0.00122454791399687
mtarjeta_visa_debitos_automaticos_lag1	0.000578928775333604	0.00378605631642206	0.00239214011106365
Visa_status_tend6	0.000577734962600997	9.93764469355735e-05	8.54335753951303e-05
ctarjeta_debito_tend6	0.000574745763857586	0.00555135568920067	0.00207888366794817
ccajas_trx_avg6	0.000563306419343656	0.000723546109634663	0.00185106080022782
mprestamos_hipotecarios_avg6	0.000560367265754544	0.00462586239845793	0.00142389292325217
Visa_mpagominimo_tend6	0.000557760464651435	0.000460520234202289	0.00170867150790261
mvr_msaldopesos2_tend6	0.000556713666938894	0.00139183355553895	0.00205040580948313
mpayroll_sobre_edad_delta1	0.000552940586323625	0.00249039615761303	0.00122454791399687
mvr_msaldopesos_lag1	0.000547911463067443	0.00281870368167683	0.00165171579097252
cextraccion_autoservicio_avg6	0.000546701222811683	0.00120235700460602	0.00193649437562295
Master_mlimitecompra_lag1	0.000543218438975371	0.000593782217280184	0.00176562722483269
Visa_mpagominimo_lag1	0.000534705009228869	0.000696006197077195	0.00142389292325217
mv_mconsumosdolares_avg6	0.000530124001923471	0.00108455999514654	0.00179410508329774
mforex_sell_avg6	0.000529467238768612	0.00468698429051543	0.0021643172433433
mplazo_fijo_dolares_delta1	0.000528588741534744	0.00521717395224332	0.00165171579097252
mvr_mpagospesos	0.000527209287274991	0.00141380237986782	0.00156628221557739
active_quarter_tend6	0.000523193090352488	0.00197024743870098	0.00142389292325217
mcomisiones_delta1	0.000520997353840836	0.00348393316004794	0.00207888366794817
mpayroll_sobre_edad_tend6	0.000516029994086879	0.00107640167125456	0.00113911433860174
ccallcenter_trx_delta1	0.000514761477892512	0.000637083378194771	0.000683468603161042
mautoservicio	0.00051198976349893	0.00218980991487508	0.00139541506478713
mvr_Visa_mlimitecompra_avg6	0.000510065990535682	0.00233744767158431	0.00233518439413356
Master_mlimitecompra_avg6	0.000509983163205786	0.000419664805519341	0.00179410508329774
ccomisiones_mantenimiento	0.000503323061159391	0.00155539442868269	0.00091129147088139
ccajas_depositos_avg6	0.000498671965313516	0.0046397994682531	0.00199345009255304
mpasivos_margen_lag1	0.000498462839124988	0.000546506926622328	0.00168019364943756
Master_msaldopesos_avg6	0.000498341428976896	0.000363004745612933	0.00142389292325217
tmobile_app_avg6	0.000497757634139137	0.000314235739052099	0.00142389292325217
Master_msaldototal_tend6	0.000496374008555397	0.00289049337736993	0.00187953865869287
Visa_fultimo_cierre_tend6	0.000492483011728697	0.000484862033437886	0.00136693720632208
ccuenta_debitos_automaticos_tend6	0.000489543961114534	0.00117798040033967	0.00113911433860174
mv_Fvencimiento_lag1	0.000488308499543327	0.000681766681438586	0.00182258294176278
mpayroll_tend6	0.000487413941236246	0.00156134306509944	0.00136693720632208
mv_mpagospesos_avg6	0.000486827704516965	0.00197297864623802	0.00168019364943756
ccajas_consultas_avg6	0.000481921127319833	0.00159699217955514	0.00159476007404243
mplazo_fijo_dolares_tend6	0.000479587753384638	0.00238759123001553	0.00122454791399687
mv_mconsumospesos_tend6	0.000478932279596891	0.000431588984369525	0.00128150363092695
mvr_msaldototal_tend6	0.000477636470848285	0.00346122269235109	0.00190801651715791
mvr_Visa_mlimitecompra	0.000477554293652574	0.000638729335251751	0.00179410508329774
Visa_msaldototal_avg6	0.000475352622161296	0.000508447563787262	0.00148084864018226
mtransferencias_emitidas_tend6	0.000474819856609758	0.00059201617052491	0.00170867150790261
mprestamos_prendarios	0.000474520882094964	0.0067615224737028	0.00207888366794817
mcomisiones_otras_delta1	0.000474139226410971	0.00276148569219063	0.00190801651715791
Visa_mconsumosdolares_lag1	0.000473723748990761	0.000438607566926572	0.00145237078171722
mv_Finiciomora_tend6	0.000471978284027641	0.00113123786115426	0.000711946461626086
mtransferencias_emitidas	0.000464881618427718	0.00216914868593014	0.00179410508329774
tcuentas_avg6	0.000464688320780209	0.0061986379904927	0.00213583938487826
Master_mlimitecompra	0.000464102495457588	0.000743054452791566	0.00162323793250748
Visa_mfinanciacion_limite_avg6	0.000463451159283788	0.000560611912177545	0.00165171579097252
mv_mfinanciacion_limite_tend6	0.000462922052529456	0.000851895893337347	0.000797380037021216
mdescubierto_preacordado_lag1	0.000454457688836682	0.000328440758215196	0.000512601452370782
cliente_edad_tend6	0.000454210412106718	0.000346226128927929	0.00165171579097252
Visa_delinquency	0.000453833594903628	0.00029098826182053	0.000256300726185391
chomebanking_trx_lag1	0.000450873088603541	0.000569269663576356	0.00145237078171722
mcuenta_debitos_automaticos_avg6	0.000449308683285477	0.00139333652809904	0.00176562722483269
ccaja_ahorro_lag1	0.000445485312153774	0.000271308855640159	0.000455645735440695
Visa_cconsumos	0.000444453939551895	0.000362273346278825	0.00145237078171722
mforex_buy_avg6	0.000444143817998886	0.00643817509849807	0.00213583938487826
mvr_mconsumospesos_avg6	0.000443443875552829	0.000357792445414082	0.00165171579097252
mvr_mpagominimo	0.000441566329117479	0.000655596507289813	0.00116759219706678
mtransferencias_emitidas_lag1	0.000435621336435728	0.000290637743071143	0.00128150363092695
ccaja_seguridad_avg6	0.000432841013487362	0.000575429475197405	0.000427167876975651
Visa_msaldopesos_tend6	0.000428503689857686	0.000302015840862643	0.00142389292325217
mv_Fvencimiento_tend6	0.000426889316029544	0.000499140982435801	0.00145237078171722
ctarjeta_visa_trx_lag1	0.000424871805758594	0.00308135293458675	0.00205040580948313
tcallcenter_avg6	0.000423728748942229	0.000911964748081543	0.00099672504627652
Visa_msaldototal_lag1	0.000421770447757468	0.000202261784027862	0.00102520290474156
tmobile_app_tend6	0.000421169999992109	0.00368348502685013	0.001964972234088
mv_msaldototal_avg6	0.000416582224934921	0.00147913117573948	0.001309981489392
mrentabilidad_lag1	0.000413944299988943	0.00042050339694283	0.00179410508329774
mv_cconsumos_delta1	0.000413775876326068	0.00155817833745423	0.00105368076320661
cpayroll_trx_tend6	0.000412332469507868	0.00210597082861656	0.001309981489392
Visa_msaldopesos_lag1	0.000411961645480344	0.000282854005237045	0.00111063648013669
Master_fultimo_cierre	0.000411908223619823	0.000350658648331488	0.00145237078171722
mpagomiscuentas_tend6	0.000411878495557103	0.00285356499290107	0.00142389292325217
mv_mfinanciacion_limite	0.000410914351341339	0.000631970309360183	0.00128150363092695
Visa_cconsumos_delta1	0.000409011101251857	0.0011904349856425	0.00102520290474156
Visa_mpagominimo_delta1	0.000404827702026519	0.00047794872992775	0.000825857895486259
mv_fultimo_cierre_tend6	0.000399673844409768	0.0015756006003639	0.00128150363092695
mtarjeta_visa_consumo_tend6	0.000398881373940811	0.000984990516054619	0.00142389292325217
mvr_msaldopesos_tend6	0.00039246294244343	0.00101017769492892	0.00139541506478713
mcomisiones_mantenimiento_delta1	0.000390960518988151	0.00321019085267458	0.00153780435711235
Visa_mconsumospesos_lag1	0.000388934075137252	0.0027595061869223	0.00190801651715791
mtarjeta_visa_debitos_automaticos	0.000388500336267073	0.000229351946471681	0.00119607005553182
mvr_Visa_mlimitecompra_lag1	0.000385862739952059	0.000517251817212665	0.00139541506478713
mautoservicio_tend6	0.000385510669105043	0.00421112849076117	0.00230670653566852
mv_status07_delta1	0.000383953773578933	4.96375895533727e-05	5.69557169300869e-05
mvr_Master_mlimitecompra	0.000383722035332702	0.00049072742165166	0.00139541506478713
Master_mlimitecompra_tend6	0.000383702761994533	0.00530815862239449	0.00205040580948313
mvr_msaldototal	0.000383434383701779	0.000849873745735249	0.00102520290474156
mv_cconsumos_lag1	0.000383399935059441	0.000808049206763503	0.000939769329346433
mv_msaldototal_tend6	0.000382828876076148	0.00205856199525207	0.00148084864018226
Visa_mconsumosdolares_tend6	0.000382696359559915	0.000629435404665013	0.00145237078171722
mtarjeta_visa_debitos_automaticos_delta1	0.000382592885165783	0.00181483193012926	0.001309981489392
mvr_mconsumospesos_tend6	0.000380811587603845	0.000313004171678593	0.00133845934785704
ccaja_ahorro_delta1	0.000378218484516898	0.00327358994409319	0.00099672504627652
Master_mfinanciacion_limite_tend6	0.000374594525379932	0.000838366425010436	0.00105368076320661
cpagomiscuentas_avg6	0.000373997547065334	0.000449254203672917	0.00148084864018226
Visa_delinquency_avg6	0.000373892324780457	0.00040340542558739	0.000598035027765912
Visa_mconsumospesos	0.000373438068403284	0.000848190700338765	0.00142389292325217
ccomisiones_otras	0.000371342548487098	0.00332112966658928	0.00170867150790261
mv_mpagominimo_lag1	0.000368241996424273	0.000393655635493306	0.00122454791399687
mv_status04_delta1	0.000361591629871048	0.00210183853345873	0.00099672504627652
internet	0.000361533700424695	0.000587722007289683	0.000541079310835825
Visa_mconsumototal_tend6	0.000361328446865718	0.000349986800158147	0.00125302577246191
Visa_Finiciomora_avg6	0.000360330588165334	0.00259283600265394	0.00111063648013669
ctransferencias_emitidas_tend6	0.00035895311650877	0.00163212656216425	0.00142389292325217
mv_fultimo_cierre	0.000358603086377026	0.000690122912659667	0.00142389292325217
Visa_mlimitecompra_lag1	0.000357137765600837	0.000753720219962613	0.00116759219706678
ccajas_trx_tend6	0.00035511657649114	0.00125367202385056	0.00139541506478713
Visa_mpagospesos_delta1	0.000350037418646492	0.000675858959446277	0.00148084864018226
Master_msaldopesos_tend6	0.000349786394399863	0.000480163601130963	0.000939769329346433
Visa_mpagado_tend6	0.000347513655519103	0.00267028021991176	0.00156628221557739
Master_mpagominimo_avg6	0.000346771500052479	0.000430103537746903	0.000968247187811476
ccajas_otras_tend6	0.000346047494675294	0.00367280852195683	0.00142389292325217
mtransferencias_emitidas_delta1	0.000345316929089477	0.000892856847911396	0.00108215862167165
Visa_mpagado	0.000345066608728614	0.000703504768161131	0.000797380037021216
cmobile_app_trx_lag1	0.000344685626910003	0.00227325571662835	0.00156628221557739
Master_msaldototal_avg6	0.000344642670256011	0.000208828394873552	0.000968247187811476
Master_mconsumospesos_avg6	0.000339210686191106	0.00154647600981954	0.00139541506478713
Master_status_avg6	0.000338861550130132	0.000802852210904414	0.000341734301580521
cpagomiscuentas_tend6	0.000337053787503203	0.00148427047176923	0.001309981489392
Master_mpagospesos_avg6	0.000334282878544788	0.00204510182843142	0.00153780435711235
mvr_msaldodolares2_tend6	0.00033291983268906	0.00107995826405094	0.00108215862167165
mextraccion_autoservicio_avg6	0.000332912604988089	0.00143134868198282	0.00142389292325217
ccuenta_debitos_automaticos_avg6	0.0003325666376709	0.00197572454100434	0.0015093264986473
mv_mpagado_avg6	0.000330707019777908	0.00216652164664116	0.00128150363092695
mvr_msaldopesos2_lag1	0.000328693132330016	0.000233920662156913	0.00125302577246191
mpasivos_margen_delta1	0.000327786922759666	0.000325715166383475	0.00136693720632208
Visa_msaldopesos_delta1	0.000327500298697981	0.00123181248978668	0.00119607005553182
cextraccion_autoservicio_tend6	0.000323057279165747	0.0035353136547138	0.00187953865869287
mv_fultimo_cierre_lag1	0.000322566302659743	0.000147529083554703	0.00108215862167165
Master_mpagominimo	0.000319175634443401	0.000785015496600222	0.000711946461626086
ccaja_seguridad_lag1	0.000317521391532615	0.000376006461062245	0.000284778584650434
mvr_msaldopesos	0.000316544006818053	0.00034707545807367	0.000768902178556173
mv_mconsumototal_tend6	0.000316404012710502	0.000133209281843392	0.000654990744695999
ctarjeta_visa_descuentos_avg6	0.000315808775913605	0.00427599568799808	0.00173714936636765
cplazo_fijo_tend6	0.000312491668539598	0.00120530216434449	0.000683468603161042
mvr_Master_mlimitecompra_lag1	0.000309770638533243	0.000599633905641429	0.00108215862167165
mvr_mpagospesos_avg6	0.000309518744869456	0.00100072948672362	0.00102520290474156
cforex_sell_avg6	0.000308813961007542	0.000420686370198452	0.000968247187811476
mv_mfinanciacion_limite_lag1	0.000306283817877682	0.000368590582781861	0.00102520290474156
mtarjeta_visa_consumo_avg6	0.000305498983403691	0.000316540276407224	0.00099672504627652
Visa_mconsumospesos_delta1	0.000305248420028657	0.000294558369336293	0.00111063648013669
ctransferencias_emitidas_lag1	0.00030476244627711	0.00111591667427634	0.000882813612416346
Visa_mconsumototal_avg6	0.000302018057476961	0.000583977072376558	0.00105368076320661
mvr_mpagado_avg6	0.000300185930205658	0.000665484468419087	0.00099672504627652
Master_fultimo_cierre_lag1	0.000298940288537715	0.00100557115037162	0.00133845934785704
mforex_sell_tend6	0.00029668801274152	0.00336976796915166	0.00136693720632208
ctarjeta_debito_trx_lag1	0.000293821827469509	0.00204971658055803	0.00128150363092695
Master_mpagominimo_lag1	0.000293343699352482	0.000196203116813546	0.000854335753951303
mv_status07_avg6	0.000292519327864901	2.28737551283495e-05	0.000113911433860174
Visa_fultimo_cierre_lag1	0.000291911836713667	0.000132804827638554	0.00102520290474156
Visa_mconsumosdolares	0.000289269629334738	0.000332091892336231	0.00105368076320661
mtransferencias_recibidas_delta1	0.000288265498638182	0.000940348559212579	0.00119607005553182
ctarjeta_debito	0.00028785401292279	0.000303440378681455	0.00133845934785704
mpagomiscuentas_avg6	0.00028492026317053	0.000390366930353811	0.000968247187811476
mplazo_fijo_dolares_avg6	0.000284407589054556	0.00317353412023649	0.00119607005553182
mv_msaldopesos_tend6	0.000284356727899257	0.000441530325554823	0.000882813612416346
mvr_msaldodolares2_avg6	0.000282902913986613	0.000753240848546198	0.00105368076320661
ccajas_trx_delta1	0.000282754333210646	0.000692415663204733	0.000455645735440695
mvr_mpagospesos_lag1	0.000279484407146921	0.000284499530316693	0.000968247187811476
mextraccion_autoservicio	0.000278174690407176	0.000337897605967143	0.000541079310835825
mv_mconsumospesos	0.000276080709245315	0.000519402015238174	0.000683468603161042
catm_trx_avg6	0.000274526491906434	0.000366440137912162	0.00111063648013669
tpaquete7_avg6	0.000273610774259903	0.0012373529076247	0.000683468603161042
mv_mlimitecompra	0.000272500981873964	0.000160064818884892	0.000854335753951303
cplazo_fijo_avg6	0.000271617823598111	0.00157566249654447	0.000740424320091129
Master_mconsumospesos_tend6	0.00027135751886	0.000601881051722446	0.00105368076320661
mvr_msaldototal_lag1	0.000271213115613351	0.000493877338645491	0.000768902178556173
mtarjeta_visa_consumo_lag1	0.000267852977456806	0.000754181942019464	0.000939769329346433
minversion1_pesos	0.000266490682446105	0.00270973326504192	0.000825857895486259
mv_mpagospesos_lag1	0.000266241754091879	0.000478451674964282	0.000797380037021216
mv_mconsumospesos_avg6	0.000264883391416073	0.000201774822152614	0.000825857895486259
mvr_mconsumospesos	0.000260754459901064	0.000180360780140109	0.000882813612416346
mvr_msaldopesos_avg6	0.00026007975529005	0.000165873371223985	0.000882813612416346
mcaja_ahorro_adicional	0.000259290018772443	0.00344390521479995	0.00113911433860174
Master_msaldopesos	0.000259091264039635	0.00224610649671214	0.00125302577246191
ctarjeta_visa_trx_delta1	0.00025748024394122	0.00254226460153089	0.00108215862167165
Visa_mconsumosdolares_delta1	0.000256812067338202	0.00027652522876814	0.000939769329346433
ccajas_otras_delta1	0.000255309162382796	0.00103488408303272	0.000455645735440695
mvr_msaldototal_avg6	0.000254872314138753	0.000232230396567879	0.000711946461626086
ctransferencias_emitidas_delta1	0.000252785649565034	0.000263474329614028	0.000484123593905738
cmobile_app_trx	0.000251150785399185	0.000194031875320865	0.000854335753951303
matm_avg6	0.000249881413372302	0.000374155191350474	0.00099672504627652
mv_mlimitecompra_avg6	0.000247566547423193	0.000474453354490421	0.000854335753951303
mv_msaldopesos_lag1	0.000246726297332667	0.000178896994095134	0.000598035027765912
Visa_msaldototal_delta1	0.000246205490962975	0.000466653078095613	0.000968247187811476
mcomisiones_otras_lag1	0.00024506417029754	0.000107557048515676	0.000939769329346433
mv_mlimitecompra_tend6	0.000244015753664508	0.00097078315187172	0.000626512886230955
Master_cconsumos_tend6	0.000243821145266653	0.000272265130031092	0.000882813612416346
mcomisiones_lag1	0.000243691955981708	0.000212926502111103	0.00105368076320661
mv_cconsumos	0.000242594352542566	0.00100039624706751	0.000797380037021216
mvr_mpagado_tend6	0.000242089304358859	0.00158501807646759	0.00113911433860174
mvr_mconsumototal_tend6	0.000241980270156046	0.000199320635507478	0.000740424320091129
mvr_mpagominimo_lag1	0.000239226774026686	0.00032350634286291	0.000740424320091129
cforex_avg6	0.000237728942180772	0.00123782444173809	0.000968247187811476
ctarjeta_master_trx_tend6	0.000234920714866093	0.000889370297153849	0.000882813612416346
ctarjeta_debito_trx_tend6	0.000232109689282649	0.000266392336491627	0.000825857895486259
cmobile_app_trx_delta1	0.000231513806963638	0.000799990422791021	0.000882813612416346
Master_fultimo_cierre_delta1	0.000231207109327679	0.00125501843548333	0.00091129147088139
Visa_mpagosdolares_avg6	0.000230794334245175	0.000183590242674074	0.000825857895486259
mvr_mconsumototal_avg6	0.000228639222189406	0.000196524014260168	0.000825857895486259
mvr_mconsumosdolares_avg6	0.000228540820066207	0.000219899973892481	0.000768902178556173
Visa_mconsumototal	0.000226052867818976	0.000434478665876355	0.000797380037021216
mv_status01_avg6	0.000225176440314496	0.00118287914670655	0.000484123593905738
mv_msaldodolares_avg6	0.000222984062480064	0.00364048470729175	0.00153780435711235
mvr_mconsumosdolares_lag1	0.000222742950746244	0.000315890520788862	0.000797380037021216
ccheques_emitidos_avg6	0.000222225739275622	0.00364260256872841	0.00122454791399687
catm_trx_tend6	0.000221348434136113	0.000459589940162323	0.000825857895486259
ctransferencias_emitidas	0.000221265416872782	0.000102310190130267	0.000512601452370782
cseguro_vida_avg6	0.000219852789417736	0.0012142070067772	0.000854335753951303
mv_msaldopesos_delta1	0.000217255180254362	0.000588050186639901	0.000711946461626086
mv_status07	0.000216972441568312	1.42524132475208e-05	8.54335753951303e-05
catm_trx_other_avg6	0.00021624258011983	0.00125391800408561	0.000882813612416346
cforex_buy_tend6	0.000214335755256674	0.00407210824984784	0.00128150363092695
ctarjeta_debito_lag1	0.000213411387043592	0.000138655837178277	0.000598035027765912
cproductos_lag1	0.000213053314300004	0.000428276705609913	0.000711946461626086
mv_status02_avg6	0.00021286666449046	0.00122665252055605	0.000626512886230955
mvr_mconsumosdolares_tend6	0.000212276749100143	0.00106847352956948	0.00091129147088139
mvr_mconsumospesos_lag1	0.000211010114546555	0.000328920931875228	0.000740424320091129
mv_mpagado_tend6	0.000210663672940839	0.00325437275365805	0.00142389292325217
Visa_mconsumototal_delta1	0.000206058609077355	0.000310979740767741	0.000797380037021216
ccomisiones_otras_lag1	0.000204108838461465	0.00103483650381515	0.000854335753951303
mtarjeta_visa_consumo_delta1	0.000203988845141334	0.00113275798938553	0.000711946461626086
Master_msaldototal_lag1	0.000202603795853455	0.000684036722318199	0.000768902178556173
ctarjeta_debito_trx_delta1	0.000201596719637311	0.00114660002416766	0.000740424320091129
Master_mpagospesos	0.000195463036933879	0.000293530633552439	0.000654990744695999
matm_other_avg6	0.000192533922899146	0.000144989056842596	0.000711946461626086
mcuenta_debitos_automaticos_lag1	0.000192228172498547	0.00048897927110014	0.000740424320091129
mv_status05_tend6	0.00019168097317987	0.00119449106765675	0.000598035027765912
cforex_sell_tend6	0.000190225345298094	0.00221987652455841	0.000939769329346433
ctarjeta_visa_debitos_automaticos_lag1	0.000189991472250358	0.000326335917809546	0.000598035027765912
ctransferencias_recibidas	0.000188158831194436	0.00128316435052653	0.00091129147088139
mv_mconsumospesos_lag1	0.000188114268617606	0.00010076488379164	0.000626512886230955
ccuenta_debitos_automaticos	0.000187811683941982	0.000408593164789364	0.000711946461626086
mvr_mpagospesos_delta1	0.000187383977995028	0.000410416047419319	0.000740424320091129
matm_tend6	0.000187127766762701	0.000600632328677755	0.000740424320091129
mpagomiscuentas_lag1	0.000186675928451999	0.00111275552587188	0.000797380037021216
mv_mfinanciacion_limite_avg6	0.000186229293395024	0.000157879260429207	0.000626512886230955
ctarjeta_visa_debitos_automaticos	0.000185844552823068	0.000154613573510403	0.000569557169300869
ctarjeta_master_trx_avg6	0.000185118469750192	0.000580237568035607	0.000654990744695999
mv_mpagospesos_delta1	0.000184136955136419	0.000356282684638774	0.000626512886230955
Visa_mconsumototal_lag1	0.000183332030149278	0.00120008171828738	0.000854335753951303
mvr_msaldodolares_avg6	0.000181619148539601	0.000574296090100355	0.000626512886230955
mvr_msaldototal_delta1	0.000180877517591141	0.000583856427278838	0.000654990744695999
tpaquete7_tend6	0.000180056700751836	0.00239990702717269	0.000854335753951303
Master_msaldototal	0.000179002160966714	0.000230094392083279	0.000569557169300869
matm_other_tend6	0.000178263593103704	0.00109177697872107	0.000740424320091129
Master_msaldopesos_lag1	0.000177099672958938	0.000732003978950857	0.000626512886230955
mextraccion_autoservicio_tend6	0.000176233148156135	0.000177356562929254	0.000626512886230955
ccuenta_debitos_automaticos_delta1	0.000176145483351606	0.00225306028266939	0.000882813612416346
ccajas_extracciones_tend6	0.000175184411697	0.000638514642517752	0.000598035027765912
mv_fultimo_cierre_delta1	0.000175069614418995	3.19646563690523e-05	0.000398690018510608
ccuenta_debitos_automaticos_lag1	0.000174708824075943	0.00202326222703586	0.000825857895486259
ccajas_otras	0.000173693034569093	0.00132936660949172	0.000455645735440695
mv_mlimitecompra_lag1	0.000173393898380275	7.14666383598257e-05	0.000569557169300869
ctransferencias_recibidas_lag1	0.000170173777140065	0.000143896154192659	0.000569557169300869
Master_mconsumospesos	0.000170157015032184	0.000387371167556453	0.000626512886230955
Master_mfinanciacion_limite_delta1	0.00017005976072747	0.00254093386450417	0.00105368076320661
Master_mpagospesos_delta1	0.000169445959844944	0.00210228939437124	0.00108215862167165
mvr_msaldopesos2_delta1	0.000169259936522243	0.000183644980373142	0.000654990744695999
mv_mconsumosdolares_tend6	0.000169038221059226	0.000214237676735791	0.000512601452370782
Master_mconsumototal_tend6	0.000167656851029374	0.000427506613449068	0.000598035027765912
cforex_tend6	0.000167060848293403	0.000378171099472852	0.000598035027765912
mvr_msaldodolares2_delta1	0.000165141114581223	0.00405530612125376	0.00133845934785704
Master_mpagospesos_lag1	0.000163301126078218	0.00142087662578965	0.000882813612416346
mtarjeta_visa_descuentos_avg6	0.000161657169844917	0.00280488713355728	0.00111063648013669
mtarjeta_master_consumo_lag1	0.000161546492822704	0.000524337603100361	0.000569557169300869
mttarjeta_master_debitos_automaticos_avg6	0.000160625621565092	0.000371510132435646	0.000598035027765912
mvr_Master_mlimitecompra_tend6	0.000160318490226824	0.000329131860235334	0.000598035027765912
Visa_mfinanciacion_limite_tend6	0.000160091785007002	0.000334378533487602	0.000455645735440695
ccallcenter_trx_lag1	0.000157890003832309	0.000250505074175663	0.000398690018510608
mvr_Visa_mlimitecompra_tend6	0.000157393120354523	0.00132256037464887	0.000626512886230955
mvr_mconsumosdolares_delta1	0.000155737644763162	0.000811765939727953	0.000654990744695999
mvr_mpagado	0.000155135210285678	0.000120780244914205	0.000484123593905738
Visa_fultimo_cierre_delta1	0.000154331325110725	0.000114089594863186	0.000569557169300869
mcaja_ahorro_adicional_avg6	0.000153729119727346	0.00231467981261334	0.000797380037021216
Master_Finiciomora_avg6	0.000152776259821776	0.00219872364369862	0.000740424320091129
ctarjeta_master_debitos_automaticos_avg6	0.000152389425537668	0.00142245550293807	0.000740424320091129
ccomisiones_otras_delta1	0.000151831981217849	0.000219961438095719	0.000598035027765912
mv_status04_tend6	0.00015032350085658	0.000371614115550561	0.000398690018510608
Visa_msaldodolares_avg6	0.000150052636490284	0.000336198700831469	0.000569557169300869
mv_msaldototal_delta1	0.000149595329438324	0.000317216382642837	0.000512601452370782
mautoservicio_lag1	0.000145769555334199	0.000591794319309409	0.000626512886230955
cseguro_accidentes_personales_avg6	0.000145733504877958	0.000451702342635405	0.000512601452370782
mvr_mpagosdolares_avg6	0.000145367863811052	0.00114020577227744	0.000683468603161042
matm_lag1	0.000142106434857725	0.000742247580846454	0.000626512886230955
Master_mlimitecompra_delta1	0.000141236816278242	0.000195787678042266	0.000398690018510608
Master_msaldopesos_delta1	0.000141005929671734	0.000588583123245483	0.000541079310835825
mtarjeta_master_consumo_tend6	0.000139172559992579	0.000262531261387245	0.000484123593905738
Master_mconsumototal_avg6	0.000137512547801272	0.000356057439315664	0.000512601452370782
tpaquete9	0.000135384783141449	0.000319563253776497	0.000227822867720347
mvr_mpagosdolares_tend6	0.000135196937380178	0.00111436044508232	0.000683468603161042
mv_status05_delta1	0.00013485084562095	0.000237437389616651	0.000284778584650434
mvr_mconsumospesos_delta1	0.000134561558466083	0.000329402092912018	0.000512601452370782
cprestamos_hipotecarios_avg6	0.000134083214168749	0.0032256966790064	0.00099672504627652
mvr_msaldodolares2_lag1	0.000133280046296493	0.000122788939507963	0.000398690018510608
Visa_mlimitecompra_delta1	0.000129569358772957	0.000167213858596201	0.000284778584650434
mv_mconsumosdolares	0.000129310020724756	0.000572329605863038	0.000455645735440695
mforex_buy_tend6	0.000128662916418847	0.00131877032896008	0.000768902178556173
ccheques_depositados_avg6	0.000126073535524106	0.00110033728837599	0.000455645735440695
mv_Finiciomora_delta1	0.000125218507186726	0.000642480626402761	0.000284778584650434
mv_msaldodolares_tend6	0.000124721888190201	0.00106123686017083	0.000683468603161042
mv_status02_delta1	0.000122337381490701	6.9932440009736e-05	8.54335753951303e-05
ctarjeta_debito_trx	0.00011637750372978	0.000194711252241992	0.000398690018510608
Master_mpagado_avg6	0.000116017116900941	0.000106160650934492	0.000313256443115478
mv_mconsumototal_avg6	0.000115340494675	0.000149145357597871	0.000284778584650434
mextraccion_autoservicio_delta1	0.000110831256213031	0.000567740587243202	0.000484123593905738
Visa_mpagosdolares_tend6	0.000109995820788355	0.00050602472635422	0.000484123593905738
Master_mpagominimo_delta1	0.000109823826460743	0.000642255195946509	0.000455645735440695
mcuenta_debitos_automaticos_delta1	0.000109686129499567	0.000130337064562984	0.000341734301580521
mtarjeta_master_consumo_avg6	0.000108513247850864	0.000144779054148201	0.000284778584650434
mvr_msaldopesos_delta1	0.000108218220932725	0.000152996435512571	0.000398690018510608
ctarjeta_master_descuentos_avg6	0.000107835983457042	0.00160236449649997	0.000569557169300869
Master_mpagosdolares_avg6	0.000106808361055214	0.00175534642991639	0.000654990744695999
mv_mconsumosdolares_lag1	0.000103065028124927	0.000386890191652805	0.000341734301580521
ccajas_otras_avg6	0.000102532017378967	0.000244996807793351	0.000398690018510608
mcaja_ahorro_adicional_lag1	0.000102350586420333	0.00102778465900354	0.000398690018510608
mvr_mconsumototal	0.000102033578040268	8.9591049567124e-05	0.000427167876975651
Master_mconsumospesos_delta1	0.00010195074995567	0.000898518219402375	0.000569557169300869
mv_status06_delta1	0.000101804742714867	0.00106208359745258	0.000427167876975651
ctarjeta_master_trx_lag1	9.87728826576675e-05	8.94264662036354e-05	0.000313256443115478
Master_msaldototal_delta1	9.82975093720901e-05	0.000608901053633584	0.000370212160045565
minversion1_pesos_avg6	9.63958554781705e-05	0.00153566225955677	0.000484123593905738
mv_mfinanciacion_limite_delta1	9.56301290625236e-05	0.00151992186953368	0.000541079310835825
mvr_mconsumototal_lag1	9.52441887653284e-05	5.11079169693751e-05	0.000284778584650434
mcheques_depositados_avg6	9.48740810342321e-05	0.00108581451902969	0.000427167876975651
Master_mconsumototal	9.41450623367557e-05	0.000200850143817963	0.000370212160045565
mplazo_fijo_dolares_lag1	9.39626675393088e-05	0.00127339178905595	0.000455645735440695
Master_msaldodolares_avg6	9.32360373910534e-05	0.000141265412240834	0.000284778584650434
mvr_mpagado_lag1	9.31151494970181e-05	0.0012583808853245	0.000541079310835825
Visa_mpagosdolares	9.26843492702491e-05	0.000129305626116284	0.000256300726185391
mv_mconsumosdolares_delta1	9.1812003028603e-05	0.000438562826417187	0.000370212160045565
mv_status02_tend6	9.11389163318101e-05	0.000200160029174584	0.000256300726185391
mttarjeta_master_debitos_automaticos_lag1	8.99380285158271e-05	0.000290193238396524	0.000313256443115478
internet_lag1	8.96061332117632e-05	1.89013532944078e-05	0.000170867150790261
catm_trx_other_tend6	8.94620102112704e-05	0.000755284286459658	0.000455645735440695
mttarjeta_master_debitos_automaticos	8.94272298353023e-05	0.00130732200399661	0.000541079310835825
cpagomiscuentas	8.8825093716832e-05	0.000883155254145352	0.000341734301580521
ctransferencias_recibidas_delta1	8.88168758463204e-05	0.000114759159727772	0.000313256443115478
minversion2_avg6	8.83274518469962e-05	0.00146414569695957	0.000541079310835825
cextraccion_autoservicio	8.82978733830619e-05	0.000168330396577302	0.000341734301580521
mforex_sell_delta1	8.81366723059528e-05	0.000201666210709142	0.000284778584650434
mv_mconsumospesos_delta1	8.5213617692885e-05	0.000130136195103608	0.000370212160045565
mv_mpagado	8.45136184764364e-05	0.000440903958423436	0.000313256443115478
ctarjeta_visa	8.43739861228991e-05	2.97683601911153e-05	0.000142389292325217
Visa_status_avg6	8.26220112646406e-05	3.44421080790681e-05	0.000142389292325217
mv_mpagosdolares_avg6	8.21414845356942e-05	4.26064796536977e-05	0.000227822867720347
cseguro_vida_tend6	8.06206285645692e-05	0.00212811472718699	0.000654990744695999
mtarjeta_master_consumo_delta1	8.04896278261669e-05	0.00153895744435624	0.000569557169300869
Master_mpagosdolares_tend6	7.9107899228822e-05	1.90143462222472e-05	0.000227822867720347
Master_cconsumos_lag1	7.90174013553619e-05	0.000124075985113107	0.000313256443115478
tpaquete9_avg6	7.85606507706336e-05	0.000872561195211416	0.000370212160045565
mvr_msaldodolares2	7.85552164941182e-05	0.000522731017691639	0.000455645735440695
mv_mconsumototal_delta1	7.84429292724199e-05	0.000295828135848157	0.000313256443115478
mv_mconsumototal	7.78659888095149e-05	0.000291173333251765	0.000284778584650434
Master_mpagado_tend6	7.76416436279343e-05	4.55291148598538e-05	0.000199345009255304
Master_status_lag1	7.74195259923973e-05	0.000962992934377642	0.000341734301580521
cextraccion_autoservicio_lag1	7.67138997148997e-05	0.000451268081994659	0.000341734301580521
mautoservicio_delta1	7.52183698789983e-05	0.00146051369326324	0.000626512886230955
matm	7.49952469798726e-05	6.30369709923062e-05	0.000284778584650434
Master_mconsumosdolares_avg6	7.47160659609078e-05	0.000222554474597566	0.000256300726185391
mv_mpagosdolares_tend6	7.42473751457494e-05	0.000649412072960841	0.000341734301580521
ctarjeta_master_debitos_automaticos_tend6	7.17869390123785e-05	0.00040305953516656	0.000284778584650434
Visa_Fvencimiento_delta1	7.11134836853941e-05	0.000112473382531066	0.000142389292325217
cseguro_vivienda_avg6	7.10200404600579e-05	0.000236793002859415	0.000284778584650434
mvr_mconsumosdolares	7.06544847583785e-05	0.000140969014080041	0.000313256443115478
mcheques_emitidos_avg6	7.04994029759909e-05	0.00148645905406623	0.000484123593905738
Visa_msaldodolares_delta1	7.02226863119098e-05	0.000114902514490946	0.000256300726185391
Visa_Finiciomora_tend6	6.9046281796288e-05	0.00139388334969029	0.000455645735440695
Visa_mpagado_delta1	6.87590131349025e-05	4.47491489314204e-05	0.000170867150790261
cseguro_auto_avg6	6.86406409155136e-05	0.0011258315414223	0.000370212160045565
mv_status05	6.81817234963565e-05	2.13511584551761e-05	8.54335753951303e-05
thomebanking_lag1	6.67031565191726e-05	3.76787290945342e-05	0.000341734301580521
mttarjeta_master_debitos_automaticos_delta1	6.65965239470887e-05	0.000458210081141849	0.000284778584650434
Master_mconsumototal_delta1	6.62828599048989e-05	0.000564146042152658	0.000341734301580521
Visa_msaldodolares_tend6	6.62184970399171e-05	0.000227812811237797	0.000256300726185391
ctarjeta_visa_debitos_automaticos_delta1	6.53312982551587e-05	0.000518111513814375	0.000284778584650434
Master_mconsumosdolares_lag1	6.43492716177387e-05	3.03955912771662e-05	0.000199345009255304
mextraccion_autoservicio_lag1	6.35632037923242e-05	4.25577279262301e-05	0.000227822867720347
cprestamos_personales_lag1	6.32191049505505e-05	0.000302193568679234	0.000227822867720347
catm_trx_lag1	6.31411906493834e-05	0.00114530273452865	0.000455645735440695
Visa_mlimitecompra_tend6	6.22419201482667e-05	0.000178247115054677	0.000227822867720347
Master_cconsumos	6.14374016941488e-05	2.35678809898116e-05	0.000199345009255304
mttarjeta_master_debitos_automaticos_tend6	6.13110276168446e-05	0.00129482792362343	0.000512601452370782
ctarjeta_debito_delta1	6.07815742025468e-05	0.00186427630239314	0.000569557169300869
cpagomiscuentas_lag1	5.98167484066658e-05	4.16078714842294e-05	0.000227822867720347
mv_status01_tend6	5.81662658424863e-05	0.000636781919728088	0.000341734301580521
Master_delinquency_tend6	5.75346490359696e-05	0.000671962091934387	0.000313256443115478
Visa_msaldodolares_lag1	5.74737657683029e-05	0.000268311611777663	0.000227822867720347
catm_trx	5.63390147872065e-05	0.0011628946411077	0.000512601452370782
mcaja_ahorro_adicional_tend6	5.62924415154868e-05	0.000339087209828398	0.000227822867720347
ctarjeta_visa_descuentos_tend6	5.5509728929204e-05	0.000859061903586698	0.000341734301580521
Visa_mfinanciacion_limite_delta1	5.53988735456586e-05	7.24247640821817e-05	0.000113911433860174
mforex_sell_lag1	5.46101773433735e-05	3.17974811415718e-05	0.000170867150790261
Visa_delinquency_delta1	5.40941982179051e-05	0.000182984487032527	8.54335753951303e-05
mv_mconsumototal_lag1	5.32098766940956e-05	2.81106780351236e-05	0.000227822867720347
ctarjeta_master_trx	5.31300036886487e-05	0.000212247125189976	0.000113911433860174
matm_other_delta1	5.2327521253878e-05	7.59077355989776e-05	0.000170867150790261
ctarjeta_master	5.14198785875381e-05	2.18368861094763e-05	5.69557169300869e-05
catm_trx_other	5.07231388468731e-05	0.00134054723193146	0.000455645735440695
Visa_msaldodolares	5.0667419504553e-05	0.000432711878588512	0.000256300726185391
mv_status06_avg6	4.98535692391901e-05	0.000128784723164951	8.54335753951303e-05
cseguro_vida_lag1	4.97084698215112e-05	0.00122702500843832	0.000398690018510608
ccajas_trx_lag1	4.93737442157584e-05	5.6636116020006e-05	0.000170867150790261
mpagomiscuentas_delta1	4.88814407752339e-05	0.000114395928502615	0.000199345009255304
mprestamos_prendarios_avg6	4.81286152423087e-05	0.00120383751434485	0.000370212160045565
ccomisiones_mantenimiento_lag1	4.7934901753781e-05	3.5238612568212e-05	0.000142389292325217
Master_msaldodolares	4.69514587915352e-05	0.0015041250139022	0.000484123593905738
Master_mpagado_delta1	4.63208482548771e-05	4.94700440596076e-05	0.000142389292325217
mvr_msaldodolares_tend6	4.60734527850696e-05	0.00019580748728849	0.000199345009255304
ccheques_depositados_delta1	4.60153943684633e-05	0.00168121202297629	0.000512601452370782
Master_cconsumos_delta1	4.52433745734093e-05	7.31327132182675e-05	0.000170867150790261
Master_mconsumospesos_lag1	4.40683762360591e-05	0.000271986874918243	0.000199345009255304
ccheques_depositados_tend6	4.3720105315596e-05	0.00083231207756944	0.000341734301580521
tmobile_app_lag1	4.33920860791715e-05	2.52969628276766e-05	0.000170867150790261
ccajas_otras_lag1	4.25537607313178e-05	0.00126509387477469	0.000398690018510608
ccajas_depositos_tend6	4.2489534132046e-05	0.000214001323424144	0.000170867150790261
mv_Fvencimiento_delta1	4.11063759606553e-05	3.20028555074098e-05	0.000170867150790261
Master_msaldodolares_lag1	4.05967264403089e-05	3.47519592482005e-05	0.000113911433860174
mv_mpagado_lag1	4.02730486713333e-05	0.00028243146969531	0.000199345009255304
cinversion2_avg6	3.98771237453224e-05	0.000968547854311809	0.000313256443115478
ccajas_depositos_lag1	3.9541370738044e-05	0.000206974348164647	0.000113911433860174
mv_status01_lag1	3.93353567744769e-05	0.000382799674874088	0.000142389292325217
Master_status_tend6	3.811097088018e-05	4.63462925498859e-05	8.54335753951303e-05
mv_status05_avg6	3.78615263095172e-05	1.17099798045642e-05	8.54335753951303e-05
mv_mlimitecompra_delta1	3.78511295293385e-05	0.000388285601857231	0.000227822867720347
Master_delinquency_avg6	3.75372400827005e-05	5.81791390498778e-05	0.000113911433860174
Master_mconsumosdolares_tend6	3.75314251846111e-05	1.60127825864315e-05	0.000142389292325217
ctarjeta_visa_avg6	3.74410208942479e-05	0.0013972735695028	0.000427167876975651
matm_delta1	3.70963543485624e-05	6.87366033326901e-05	0.000170867150790261
ccajas_consultas	3.68772816856174e-05	0.000250688479408617	0.000142389292325217
cforex_buy_avg6	3.5936682004293e-05	0.000247582685813697	8.54335753951303e-05
mcheques_depositados_tend6	3.58170388660727e-05	0.000442489315231843	0.000199345009255304
Master_fechaalta_delta1	3.56862066778718e-05	8.23288317948338e-05	0.000113911433860174
mv_status01_delta1	3.51731559654035e-05	8.48973690108522e-05	0.000113911433860174
cprestamos_personales_delta1	3.51658088537428e-05	0.000174540564413052	8.54335753951303e-05
tmobile_app	3.42576150869436e-05	8.71538951710783e-06	0.000113911433860174
Master_Fvencimiento_delta1	3.39501607360511e-05	0.00015168223704656	0.000142389292325217
Visa_mpagosdolares_lag1	3.3891550548139e-05	2.07175094201928e-05	0.000113911433860174
Master_cadelantosefectivo_avg6	3.35195594152908e-05	7.24623461100649e-06	8.54335753951303e-05
tcuentas_tend6	3.33424522305273e-05	0.000587968357791012	0.000199345009255304
mvr_msaldodolares_lag1	3.28148438120152e-05	4.76223535885873e-05	0.000113911433860174
mvr_mconsumototal_delta1	3.23319131043766e-05	9.46894311724239e-05	0.000142389292325217
cpagodeservicios_lag1	3.19869090390094e-05	0.00215626144447381	0.000654990744695999
mpagodeservicios_avg6	3.19050715432312e-05	0.000643747307362253	0.000199345009255304
minversion2	3.1799094136681e-05	0.000802193939161507	0.000256300726185391
cseguro_vida	3.13386083620935e-05	0.000195165568973152	0.000113911433860174
Master_mpagosdolares_lag1	3.12282339755405e-05	1.20682124348796e-05	8.54335753951303e-05
cextraccion_autoservicio_delta1	3.03502366900804e-05	2.68981176642249e-05	0.000142389292325217
Master_mpagado_lag1	2.93774736052668e-05	2.57683118079262e-05	0.000113911433860174
mv_status03_tend6	2.91081838835884e-05	0.000263488831710174	0.000142389292325217
cplazo_fijo_lag1	2.89239484508585e-05	0.000201788707138285	0.000113911433860174
Visa_status_delta1	2.86081417247166e-05	0.000169562704483378	8.54335753951303e-05
tpaquete7	2.80185081738157e-05	5.49098728903226e-05	2.84778584650434e-05
Visa_fechaalta_delta1	2.78648440579472e-05	0.00018445913422185	0.000142389292325217
matm_other	2.7667431269852e-05	0.000214783449239238	0.000142389292325217
Master_msaldodolares_tend6	2.75161962055663e-05	0.000201999388654201	0.000170867150790261
mv_msaldodolares_lag1	2.73444388545059e-05	3.00274848792625e-05	8.54335753951303e-05
tcallcenter_delta1	2.70454995591565e-05	1.64189647005979e-05	8.54335753951303e-05
mv_status03_delta1	2.70269662486131e-05	0.000385914848548217	0.000170867150790261
Visa_mpagado_lag1	2.6508533166383e-05	1.6805029013303e-05	8.54335753951303e-05
tpaquete9_lag1	2.616031482352e-05	4.21201965999707e-05	5.69557169300869e-05
ctarjeta_master_descuentos_tend6	2.60726031435866e-05	0.000483073091884017	0.000170867150790261
Visa_delinquency_lag1	2.54430262137849e-05	6.55765040160337e-05	2.84778584650434e-05
mforex_sell	2.40941043617921e-05	0.000184254623810676	0.000113911433860174
Master_mconsumototal_lag1	2.38822916004534e-05	0.000190010536626313	0.000113911433860174
cpayroll_trx_delta1	2.37840407531563e-05	2.89259426826855e-05	5.69557169300869e-05
catm_trx_delta1	2.28334263387762e-05	0.000131242921028169	0.000113911433860174
mv_status04_avg6	2.25968076837308e-05	1.37610081768574e-05	8.54335753951303e-05
cseguro_vivienda	2.22776306244092e-05	7.4210496661585e-05	8.54335753951303e-05
mv_mpagosdolares	2.03571069065344e-05	8.22334882265587e-05	8.54335753951303e-05
cseguro_accidentes_personales_tend6	1.97019963822066e-05	4.47208852716987e-05	5.69557169300869e-05
Master_delinquency	1.93803764350917e-05	1.91729436141353e-05	2.84778584650434e-05
ccajas_extracciones	1.9197626759808e-05	9.19793288136073e-05	5.69557169300869e-05
Master_msaldodolares_delta1	1.91576459812109e-05	1.39133110419079e-05	5.69557169300869e-05
ccajas_extracciones_delta1	1.90288496446454e-05	0.000635548192467922	0.000199345009255304
cpagodeservicios_avg6	1.84983012410298e-05	0.000551783406310503	0.000170867150790261
cseguro_accidentes_personales_lag1	1.8485246734443e-05	2.10300141643645e-05	8.54335753951303e-05
Master_mpagosdolares	1.81507723607316e-05	6.29187326254355e-06	5.69557169300869e-05
mvr_mpagosdolares	1.79927886637836e-05	0.000122396950934705	8.54335753951303e-05
mcajeros_propios_descuentos_avg6	1.73927220231333e-05	0.00084375447827236	0.000256300726185391
cpagomiscuentas_delta1	1.69721772794836e-05	0.000559347884793092	0.000199345009255304
mprestamos_prendarios_lag1	1.66988913247735e-05	8.17476371501637e-05	2.84778584650434e-05
mvr_msaldodolares	1.47266398016843e-05	8.97015740530663e-05	5.69557169300869e-05
Master_mconsumosdolares	1.44322376094155e-05	7.3869357991407e-06	5.69557169300869e-05
ccajeros_propios_descuentos_avg6	1.42280126259453e-05	0.00084375447827236	0.000256300726185391
ccajas_trx	1.39649278996381e-05	5.71251143598198e-05	5.69557169300869e-05
mprestamos_prendarios_delta1	1.39455641648939e-05	0.000937504975858178	0.000284778584650434
ctarjeta_visa_delta1	1.3914722413008e-05	1.4655818364553e-05	2.84778584650434e-05
Master_madelantopesos_avg6	1.38811626423783e-05	1.8323244202109e-06	2.84778584650434e-05
mtarjeta_visa_descuentos_tend6	1.37707822182062e-05	1.80543074574209e-05	5.69557169300869e-05
mvr_msaldodolares_delta1	1.34034688985071e-05	1.44824103212823e-05	2.84778584650434e-05
ccheques_emitidos_tend6	1.32844278450855e-05	9.48987550452972e-05	5.69557169300869e-05
thomebanking_delta1	1.29713310036727e-05	2.31542935499539e-05	5.69557169300869e-05
tpaquete7_delta1	1.27216828310753e-05	0.000181444796399217	5.69557169300869e-05
ccajas_depositos	1.27019847631706e-05	2.74885689660092e-06	2.84778584650434e-05
cforex_sell_delta1	1.20297763722526e-05	1.53248895407596e-05	2.84778584650434e-05
cseguro_accidentes_personales	1.19185691296799e-05	1.33759312409111e-05	5.69557169300869e-05
tcallcenter_lag1	1.18559633795828e-05	1.79145319349981e-05	5.69557169300869e-05
mv_status06	1.16267652938977e-05	3.03040120827841e-05	2.84778584650434e-05
cinversion1_tend6	1.13857878132482e-05	0.000139741334502523	5.69557169300869e-05
mtarjeta_visa_descuentos_lag1	1.12491370373017e-05	2.32387142628345e-05	5.69557169300869e-05
Master_mpagado	1.11595454775609e-05	9.16546669930923e-05	5.69557169300869e-05
mvr_mpagado_delta1	1.10279639537386e-05	0.000119322383129783	5.69557169300869e-05
mcheques_depositados	1.09883361242943e-05	0.000646348674855503	0.000199345009255304
Master_delinquency_delta1	1.07285547303653e-05	5.83755653138389e-06	2.84778584650434e-05
mv_fechaalta_delta1	1.06879188700902e-05	9.06835202397292e-05	5.69557169300869e-05
ctarjeta_master_trx_delta1	1.06600314426532e-05	1.17485492092062e-05	5.69557169300869e-05
matm_other_lag1	1.02117499604779e-05	3.48161387375248e-06	2.84778584650434e-05
minversion2_lag1	1.00817975875567e-05	5.67776194517568e-05	2.84778584650434e-05
tmobile_app_delta1	9.66196033547342e-06	8.5963489066206e-06	2.84778584650434e-05
mprestamos_prendarios_tend6	9.60170221295631e-06	0.000464233079370752	0.000142389292325217
active_quarter_lag1	9.53133074293735e-06	1.86032272242866e-05	5.69557169300869e-05
cforex	9.49994417977887e-06	7.73597348338941e-06	2.84778584650434e-05
mv_status06_lag1	9.30618423512606e-06	1.65615172201549e-05	2.84778584650434e-05
Master_mpagosdolares_delta1	9.02038749497612e-06	2.30361168941307e-06	2.84778584650434e-05
mvr_mpagosdolares_delta1	8.96508961201516e-06	7.28091621966062e-06	2.84778584650434e-05
ccheques_emitidos	8.81610565725888e-06	0.000165405292929249	5.69557169300869e-05
mv_status03_avg6	8.76155476195626e-06	1.59393464399931e-06	2.84778584650434e-05
cliente_edad_delta1	7.92516405176151e-06	7.42859075615411e-06	2.84778584650434e-05
Visa_madelantopesos_avg6	7.90997071859034e-06	3.21816941228541e-06	2.84778584650434e-05
mv_msaldodolares_delta1	7.86055884345541e-06	3.42706747893151e-05	2.84778584650434e-05
mcaja_ahorro_adicional_delta1	7.8311717385059e-06	0.000562502985514907	0.000170867150790261
catm_trx_other_lag1	7.7026046637566e-06	1.79733425631963e-06	2.84778584650434e-05
mv_status04_lag1	7.6209753819833e-06	2.78403219363447e-06	2.84778584650434e-05
mvr_mpagosdolares_lag1	7.46419115870672e-06	1.84657967216661e-06	2.84778584650434e-05
Master_status_delta1	7.43669248685845e-06	7.09208041453313e-06	2.84778584650434e-05
ccajas_extracciones_lag1	7.41747809933245e-06	1.43587413822381e-05	2.84778584650434e-05
tcuentas_lag1	7.15954765495244e-06	8.07965464872144e-05	2.84778584650434e-05
ctarjeta_master_debitos_automaticos_delta1	7.12006296739553e-06	5.21465138975763e-05	2.84778584650434e-05
Master_cadelantosefectivo_tend6	6.9993065592884e-06	1.86274796659255e-06	2.84778584650434e-05
tpaquete7_lag1	6.81863483126265e-06	3.37676680417353e-06	2.84778584650434e-05
Visa_madelantopesos_lag1	6.75243300811429e-06	8.66373737041119e-06	2.84778584650434e-05
active_quarter	6.34371906304759e-06	8.55358315075349e-06	2.84778584650434e-05
mv_mpagado_delta1	6.22435734496443e-06	3.37029331529841e-05	2.84778584650434e-05
Master_Finiciomora_lag1	6.17678325401452e-06	0.00017680665578563	5.69557169300869e-05
Visa_mpagosdolares_delta1	5.99161786022371e-06	2.34199596091284e-06	2.84778584650434e-05
mcheques_emitidos	5.91043972277034e-06	0.000173003465643734	5.69557169300869e-05
cinversion2	5.65132758215308e-06	8.18024365602791e-05	2.84778584650434e-05
mvr_Master_mlimitecompra_delta1	5.44775851891899e-06	2.19012507319429e-06	2.84778584650434e-05
ctarjeta_visa_descuentos_lag1	5.10716032227165e-06	9.33601752108402e-06	2.84778584650434e-05
mtarjeta_visa_descuentos_delta1	4.92142068381488e-06	1.7954952671063e-05	2.84778584650434e-05
internet_delta1	4.5370252624201e-06	5.78399134221701e-06	2.84778584650434e-05
mtarjeta_master_descuentos_avg6	4.30308764570112e-06	3.92932752283743e-06	2.84778584650434e-05
minversion1_pesos_lag1	4.15537427435291e-06	9.074010927022e-05	2.84778584650434e-05
cprestamos_prendarios_tend6	3.96786024671221e-06	0.000183921260732474	5.69557169300869e-05
Master_Finiciomora	3.78903904895636e-06	8.76753535218388e-05	2.84778584650434e-05
cinversion1_avg6	3.6309208472706e-06	8.76495583040142e-05	2.84778584650434e-05
mcheques_emitidos_delta1	3.50226086027103e-06	8.94249234274498e-05	2.84778584650434e-05
ctarjeta_master_debitos_automaticos_lag1	3.41668230472616e-06	1.77221786001673e-06	2.84778584650434e-05
mvr_Visa_mlimitecompra_delta1	3.15284069577365e-06	0.000186388468408616	5.69557169300869e-05
ctarjeta_master_debitos_automaticos	2.61928186816448e-06	7.91749035829202e-05	2.84778584650434e-05
Master_Finiciomora_tend6	2.08851141433339e-06	8.91973330845379e-05	2.84778584650434e-05
cprestamos_prendarios_avg6	1.78069178748219e-06	9.28466158741503e-05	2.84778584650434e-05
cliente_vip_avg6	1.26909739906665e-06	9.37504975858178e-05	2.84778584650434e-05
mcheques_depositados_delta1	1.2499306416473e-06	9.37504975858178e-05	2.84778584650434e-05
