Feature	Gain	Cover	Frequency
ctrx_quarter_normalizado	0.257570178276027	0.0201779798230137	0.00968606762950791
mtarjeta_visa_consumo	0.055515911157463	0.0120290104863973	0.00709158522874687
mdescubierto_preacordado_tend6	0.0450171543213119	0.00227493128607244	0.0019891031739168
mcuentas_saldo	0.0417887419169093	0.0100449504158941	0.0136642739773415
mcaja_ahorro	0.0403478240316136	0.00512522761058543	0.00748075758886102
cpayroll_trx	0.0315196999887272	0.0142113032545056	0.0069186197353628
foto_mes	0.0302753503209295	0.0290446021002859	0.0328634437429733
mprestamos_personales	0.023037069934178	0.0102273018690636	0.00856179192251146
mv_status06_tend6	0.022918447799309	0.000562840423783247	0.000216206866730087
mpasivos_margen	0.0177646530885903	0.00507095270658677	0.00614027501513448
mv_status07_tend6	0.016691811674341	0.00201630092821019	0.000778344720228314
mprestamos_personales_tend6	0.0136594939401376	0.00747357456320686	0.00670241286863271
cproductos_tend6	0.0131623629666099	0.00512883372612937	0.00337282712098936
ccomisiones_mantenimiento_tend6	0.012062270314615	0.00536263944551894	0.00449710282798582
mv_status07	0.010009779791572	3.96597595839616e-05	8.64827466920349e-05
mpayroll_sobre_edad	0.00842357812247882	0.00586094267683836	0.00259448240076105
mdescubierto_preacordado	0.00839516657201802	0.00127264609818511	0.00147020669376459
mdescubierto_preacordado_delta1	0.00655194855040584	0.00409619025183489	0.00229179278733893
mv_status04_tend6	0.00647002388571172	0.00157926893289756	0.000864827466920349
mpayroll	0.00637473537302448	0.00747686702417319	0.00380524085444954
mcuentas_saldo_tend6	0.0059756249007856	0.00297527130956785	0.00553489578829024
mactivos_margen	0.00505552991838394	0.00610708157750635	0.0102482054830061
ccaja_ahorro	0.0045494660024215	0.00657355385891433	0.00441062008129378
mcuenta_corriente_tend6	0.00434957026293446	0.00317929261346406	0.00622675776182652
tmobile_app	0.00423572294004893	0.0105408038579536	0.00834558505578137
Visa_fechaalta_tend6	0.00415226096284488	0.00554348915533793	0.00687537836201678
ctarjeta_visa_trx	0.00404230877440906	0.00260118816766407	0.00276744789414512
mcaja_ahorro_dolares_delta1	0.00398222620947389	0.00793750466514238	0.00497275793479201
internet	0.00394342255155251	0.00932361356305781	0.00713482660209288
tcallcenter_tend6	0.00359743537939907	0.00458356353858861	0.00337282712098936
cproductos_delta1	0.0035830307099152	0.000790452457842918	0.000778344720228314
mcomisiones_mantenimiento_tend6	0.00354436557074622	0.00800998290904684	0.0101184813629681
mcuenta_corriente_avg6	0.00351569280098836	0.00648997687856919	0.0104211709763902
mrentabilidad_avg6	0.00338818812678364	0.00327857689569596	0.00419441321456369
mcuenta_corriente	0.00327310221265933	0.00365121817083297	0.00739427484216899
cprestamos_personales_tend6	0.00326815534958052	0.00157797579183882	0.00125399982703451
ctarjeta_visa_trx_tend6	0.00313602788467546	0.00282715413219913	0.00389172360114157
Master_status	0.00312355310073248	0.000116821361011342	0.000259448240076105
mv_msaldopesos	0.00300399273362442	0.000519767269702685	0.00134048257372654
cproductos	0.00287340860780947	0.00475809476654205	0.0064429646285566
mtarjeta_visa_debitos_automaticos_tend6	0.00275364780572029	0.010426484114858	0.00687537836201678
thomebanking	0.00262664182551427	0.00243171136036368	0.00376199948110352
mcaja_ahorro_lag1	0.00252196319791026	0.0037810901590707	0.0054484130415982
mcomisiones_mantenimiento	0.00248938030141386	0.00559987047033842	0.00579434402836634
mv_status01	0.00235983995508921	0.000696182142013035	0.000562137853498227
cliente_edad_avg6	0.00234124959947997	0.00590374724473769	0.00726455072213093
mtransferencias_recibidas	0.00230651223046221	0.00431475555646295	0.00492951656144599
cliente_edad	0.00227586666794429	0.00314011315421857	0.00856179192251146
mprestamos_personales_lag1	0.00223009042130051	0.000198078284694705	0.000432413733460175
mv_fechaalta_tend6	0.00216782871403597	0.00121320399523676	0.00294041338752919
mprestamos_personales_delta1	0.00212114211604498	0.00637630826649544	0.00436737870794777
mactivos_margen_avg6	0.00210061065735348	0.0049714181874493	0.00601055089509643
mvr_mpagominimo_avg6	0.00207850722224908	0.00365615101412152	0.00415117184121768
mactivos_margen_tend6	0.00207207701092842	0.00317337191384933	0.00670241286863271
cliente_edad_lag1	0.0020324613239284	0.00363788543690645	0.00713482660209288
ccomisiones_mantenimiento_delta1	0.0019838880880008	0.00455691663462264	0.00302689613422122
ctarjeta_visa_debitos_automaticos_tend6	0.00193797526756164	0.00223898602079512	0.00332958574764335
Visa_fultimo_cierre_tend6	0.0019314167374019	0.000935604885870345	0.00203234454726282
mpayroll_avg6	0.00189764341627684	0.00332398180276021	0.00268096514745308
ccaja_ahorro_tend6	0.00187686576708474	0.00919066308143081	0.00289717201418317
mrentabilidad_annual_tend6	0.00185768278441256	0.00404310408044338	0.00639972325521059
mpasivos_margen_lag1	0.00183899793542638	0.000366301975964563	0.000951310213612384
Master_fechaalta	0.00179334237629321	0.00593933453818097	0.00501599930813803
mcomisiones_mantenimiento_avg6	0.00179028376277752	0.00433425085706473	0.00389172360114157
ccaja_seguridad	0.00171101160393887	0.0072487357378039	0.00324310300095131
mcaja_ahorro_delta1	0.00166068504746032	0.00605050936565551	0.00479979244140794
thomebanking_avg6	0.00165572982819149	0.0024689832460799	0.00406468909452564
mcuentas_saldo_delta1	0.00160710198743689	0.00956371394244628	0.00557813716163625
chomebanking_trx_delta1	0.00160468684993476	0.0046335626321344	0.00397820634783361
mvr_msaldototal_avg6	0.0015887159475518	0.000284592114897668	0.000864827466920349
mtransferencias_emitidas_avg6	0.00155458276528711	0.00389676313442021	0.00566461990832829
mdescubierto_preacordado_avg6	0.0015513181595183	0.00173845941525472	0.00220531004064689
mv_msaldototal_lag1	0.00154845378668009	0.000242268276559632	0.000562137853498227
ctrx_quarter_tend6	0.00154841861308127	0.00172777530806066	0.00328634437429733
mv_msaldopesos_lag1	0.00153357641609835	0.000124422360670781	0.00051889648015221
tmobile_app_delta1	0.00149268207153335	0.00380712982004841	0.00220531004064689
mpayroll_lag1	0.00144852000482391	0.00047851992220369	0.00034593098676814
mrentabilidad_annual_lag1	0.00142489516324727	0.00112940328249536	0.00337282712098936
mrentabilidad_annual_delta1	0.00139167264061641	0.00331289894756397	0.00501599930813803
Visa_Finiciomora	0.00137833188272691	0.00547138218917501	0.00177289630718672
mcuenta_debitos_automaticos	0.00136090010404518	0.00486542601094606	0.00436737870794777
internet_tend6	0.00135246067999174	0.00189269054981404	0.00276744789414512
mtarjeta_master_consumo	0.00135130275438144	0.00211280663650009	0.00129724120038052
Visa_fechaalta	0.00134414608856361	0.000475229500045759	0.0019891031739168
mcuenta_corriente_lag1	0.00133985040125656	0.00228867360587742	0.00436737870794777
Master_status_avg6	0.00133892820344917	7.87484382024748e-05	0.000259448240076105
mrentabilidad_annual	0.00131365423479246	0.00185680440998053	0.00324310300095131
ctrx_quarter_normalizado_delta1	0.00130581799802969	0.00294575955787254	0.002464758280723
mv_fultimo_cierre_tend6	0.00129330523098795	0.00101928756233554	0.00233503416068494
cprestamos_personales_avg6	0.00125502502576141	0.00280985892048021	0.00237827553403096
mv_mpagominimo	0.00124112801827763	0.00169871413302336	0.00229179278733893
ctransferencias_recibidas_avg6	0.00122245797657303	0.00301929787484308	0.00467006832136989
mprestamos_personales_avg6	0.00121472613363217	0.000645140251619784	0.00155668944045663
tcallcenter	0.00121380039335047	0.000529287539213309	0.000691861973536279
numero_de_cliente	0.00121076099483904	0.00260230414700279	0.00501599930813803
mrentabilidad_annual_avg6	0.00116578712797318	0.00159535674081654	0.00475655106806192
Visa_status	0.00115738461736268	0.00109184145676248	0.000389172360114157
mv_mpagominimo_avg6	0.00114286752237912	0.00161824247249391	0.00233503416068494
Master_Fvencimiento	0.00113000306026594	0.0020267141958032	0.00319986162760529
mcuenta_corriente_delta1	0.00112341766190418	0.0033965006082214	0.00376199948110352
cplazo_fijo	0.00110983261332157	0.00443375490138179	0.00159993081380265
mv_status02	0.0011073567627551	0.00202688674337788	0.000778344720228314
chomebanking_trx	0.00110070330747606	0.00435552464243188	0.00410793046787166
ccomisiones_mantenimiento_avg6	0.00109803029773839	0.00700217963255236	0.00389172360114157
mcaja_ahorro_avg6	0.0010940814219464	0.00225761933466345	0.00432413733460175
mcuentas_saldo_lag1	0.00108392080705136	0.00672605307938452	0.00441062008129378
Visa_fechaalta_avg6	0.00107024082029841	0.00297864446442483	0.00259448240076105
cpayroll_trx_avg6	0.00104750930622775	0.00076285493263063	0.000951310213612384
ctransferencias_emitidas_avg6	0.00104084610429432	0.00109913169909837	0.00233503416068494
ctrx_quarter	0.0010406862389861	0.0011748765432941	0.00194586180057079
mv_fechaalta_avg6	0.00103403703411186	0.00129570201671163	0.0027242065207991
Visa_mpagominimo	0.00102914952290966	0.00138834922643791	0.00341606849433538
ccaja_ahorro_avg6	0.00102850549028707	0.00240823544730525	0.00220531004064689
mv_Finiciomora_lag1	0.00102084212189662	0.00823464736267812	0.0027242065207991
mpagomiscuentas	0.000998760422057263	0.00355694034360369	0.00276744789414512
Visa_fechaalta_lag1	0.0009973205432873	0.00055587993188081	0.00168641356049468
mrentabilidad_tend6	0.000994208470966611	0.00148582572944679	0.00380524085444954
Visa_mpagado_avg6	0.000986315960960673	0.00270612606560934	0.00311337888091326
mv_status04	0.000985853473885353	9.22765758189793e-05	8.64827466920349e-05
mv_Finiciomora_avg6	0.00097384835967271	0.00228923234668671	0.000951310213612384
ctrx_quarter_delta1	0.000973386034500775	0.00121354662235489	0.00337282712098936
mcaja_ahorro_dolares_tend6	0.000969184932633378	0.0017843951636448	0.00220531004064689
ccajas_extracciones_avg6	0.000968002699645858	0.00319048127208607	0.0034593098676814
Master_fultimo_cierre_tend6	0.000963999515673379	0.00464949291527749	0.00298365476087521
Visa_delinquency_tend6	0.000897735322490398	0.00222048898517297	0.00168641356049468
chomebanking_trx_tend6	0.000880315597145397	0.00185750586737834	0.00376199948110352
mtransferencias_recibidas_avg6	0.000872843756227976	0.00198311685335056	0.00341606849433538
Master_Fvencimiento_tend6	0.000867667569877371	0.000836253537572415	0.00259448240076105
chomebanking_trx_avg6	0.000866252599890455	0.00182494448752857	0.0034593098676814
mv_mpagospesos_tend6	0.000860755741132479	0.00115318501681487	0.00207558592060884
Visa_fultimo_cierre_avg6	0.000855724611044853	0.00124444658796414	0.00307013750756724
mv_mpagominimo_delta1	0.000845282590780906	0.00218518454956977	0.00138372394707256
Visa_mfinanciacion_limite	0.000844757617464073	0.00219022630814955	0.00289717201418317
tcallcenter_avg6	0.000815353096957755	0.00123609616525647	0.00151344806711061
ccallcenter_trx	0.000805872626900488	0.00363261071763971	0.0017296549338407
internet_avg6	0.000804481283520566	0.00195770149696829	0.00268096514745308
Master_fultimo_cierre_avg6	0.00079865537694138	0.00122802731272042	0.00324310300095131
mv_fultimo_cierre_avg6	0.000770805511831125	0.0010446684735863	0.00311337888091326
Master_fechaalta_avg6	0.000766666418255156	0.000921700749061256	0.00298365476087521
Master_mpagospesos_tend6	0.000764658789812275	0.00506801371061483	0.00268096514745308
mcaja_ahorro_dolares_avg6	0.000763757479305349	0.00112720297900108	0.00242151690737698
Visa_mpagospesos_tend6	0.000740585664566955	0.000954584046027963	0.00276744789414512
mvr_mpagominimo	0.000738939847511673	0.00321506522386099	0.00285393064083715
mpasivos_margen_tend6	0.000738656297363813	0.00334297437613103	0.00337282712098936
mforex_sell_avg6	0.00073623498284186	0.00379242078314127	0.00242151690737698
Visa_Fvencimiento_avg6	0.000734252945186813	0.00131485876781209	0.00307013750756724
mcomisiones_otras	0.000734048849919343	0.00193150860344291	0.00255124102741503
ccallcenter_trx_tend6	0.000730738730957035	0.00132833486216136	0.00194586180057079
ccomisiones_otras_avg6	0.000721962028464497	0.00365649364123965	0.00363227536106547
mcomisiones_otras_tend6	0.00071566759412058	0.00295526920411831	0.00302689613422122
mrentabilidad_delta1	0.000698670674706608	0.00232051185257684	0.00289717201418317
ccomisiones_otras_tend6	0.000693882704457501	0.000705667751780735	0.0019891031739168
mcomisiones_avg6	0.000693234706789239	0.000673266364738085	0.00237827553403096
mpasivos_margen_avg6	0.000692953394541234	0.000838581642162112	0.00229179278733893
cliente_antiguedad	0.000692781261612394	0.000978144730593847	0.00289717201418317
mrentabilidad	0.000692482268033154	0.0009390231091237	0.00250799965406901
internet_delta1	0.000691251731752386	0.00231371242653857	0.00155668944045663
mactivos_margen_lag1	0.000685888259162553	0.00109456498287748	0.00237827553403096
Master_Fvencimiento_lag1	0.000684839645498161	0.000787782155357916	0.00276744789414512
ctarjeta_visa_trx_avg6	0.000679695760107647	0.000928065372380241	0.00185937905387875
ctarjeta_debito_avg6	0.000670521453409965	0.00111026445144774	0.00302689613422122
cproductos_avg6	0.000670328524714274	0.00154854473403415	0.00263772377410707
mvr_mpagominimo_tend6	0.000662598377349828	0.00245073226244079	0.0019891031739168
ctarjeta_visa_debitos_automaticos_avg6	0.000646075495883041	0.00355444151563631	0.00263772377410707
ccajas_trx_avg6	0.000637867757162452	0.00164349075389249	0.002464758280723
Master_fechaalta_tend6	0.000634300061905646	0.000432797604862137	0.00134048257372654
Visa_Fvencimiento	0.000628457146123553	0.000859309348793233	0.0027242065207991
mv_cconsumos_tend6	0.000623835825251998	0.000919456772144786	0.00185937905387875
Visa_mpagominimo_avg6	0.000622055751489234	0.000907422759173697	0.00216206866730087
Master_Fvencimiento_avg6	0.000614497216070402	0.000961741121983144	0.00259448240076105
mautoservicio	0.000614379175803604	0.00230764568385846	0.00147020669376459
cmobile_app_trx_delta1	0.000613795330676627	0.0022783286920189	0.00134048257372654
mv_Fvencimiento	0.000610443398313014	0.00104717567139872	0.00281068926749114
Visa_Fvencimiento_tend6	0.000607266225663679	0.00233058742911418	0.00259448240076105
ccajas_consultas_tend6	0.000599209717756776	0.00234343632161394	0.00177289630718672
ccajas_consultas_avg6	0.000585193964544823	0.00358614380600668	0.00259448240076105
cmobile_app_trx	0.000582477106502497	0.000697438906437562	0.00134048257372654
tmobile_app_tend6	0.000582471089975139	0.000808951424967771	0.00155668944045663
mcuentas_saldo_avg6	0.000579333863723574	0.000836145588032535	0.00255124102741503
ccallcenter_trx_delta1	0.000576320706259008	0.00113074235039611	0.000864827466920349
mvr_msaldopesos2_tend6	0.000576294947747732	0.00105851745526269	0.00216206866730087
mcuenta_debitos_automaticos_tend6	0.000573273449966031	0.00312148155724154	0.00203234454726282
cmobile_app_trx_tend6	0.000565390598784543	0.0012554288977142	0.00237827553403096
mpayroll_sobre_edad_avg6	0.000551350035906866	0.00142563731531568	0.00125399982703451
Visa_mpagospesos_avg6	0.000547462078821211	0.00105249857092729	0.00242151690737698
mv_fechaalta_lag1	0.000543543419703676	0.00328408275145266	0.00203234454726282
mcaja_ahorro_dolares	0.000541755740890897	0.00319405101099579	0.00250799965406901
Visa_cconsumos_tend6	0.000540245448080827	0.00100036978104155	0.00207558592060884
Visa_cconsumos_lag1	0.000535788555088947	0.0023367475277582	0.00203234454726282
cliente_antiguedad_avg6	0.000535550441415662	0.0013910629877337	0.00237827553403096
mautoservicio_avg6	0.000534431974023863	0.00106391664914797	0.00220531004064689
Visa_msaldopesos	0.000533409816572049	0.000879128390708944	0.00177289630718672
Visa_mconsumospesos_tend6	0.000533150734822972	0.00110534502137239	0.00237827553403096
mv_msaldototal	0.000528582765526282	0.000400028695777648	0.000821586093574332
mpayroll_sobre_edad_delta1	0.000527804245863071	0.00487035971268025	0.00203234454726282
mv_fechaalta	0.00052393542441728	0.000525834441605619	0.00207558592060884
Master_mlimitecompra	0.000511886832972673	0.000882734720864297	0.00207558592060884
cprestamos_personales	0.000510298218253185	0.00102387219860927	0.00112427570699645
Master_mpagominimo_tend6	0.000507488001568545	0.00177072999664219	0.00177289630718672
mv_Fvencimiento_avg6	0.000504210482329222	0.000514687739514517	0.00185937905387875
ctarjeta_debito_trx_avg6	0.000503777723749079	0.00324625266145567	0.00255124102741503
mvr_mpagospesos_tend6	0.000503716544374769	0.000937430477840501	0.00147020669376459
mactivos_margen_delta1	0.000495092896313578	0.00123465537154676	0.00194586180057079
mv_cconsumos_delta1	0.00048915794216014	0.00309906936564318	0.00121075845368849
Visa_mpagominimo_tend6	0.00048848388333767	0.000547291934340839	0.00151344806711061
ctarjeta_debito_tend6	0.000486639940629094	0.00545117749055321	0.0019891031739168
mpayroll_sobre_edad_tend6	0.000478752239400636	0.00098531060561689	0.00151344806711061
mcaja_ahorro_dolares_lag1	0.000478422649961454	0.000761728008109935	0.00203234454726282
Visa_mpagominimo_lag1	0.000472016319919338	0.00049633996612892	0.00159993081380265
mv_cconsumos_avg6	0.000471344286829214	0.00107657872241421	0.00185937905387875
ctransferencias_recibidas_tend6	0.000469861801190261	0.00346520426662405	0.00229179278733893
mv_fultimo_cierre	0.000469497929326343	0.000727399517899587	0.00177289630718672
mv_status01_avg6	0.000469360757299719	0.000395817483359569	0.000389172360114157
ccajas_trx_delta1	0.000466714064093268	0.00204071029360203	0.00125399982703451
Master_fechaalta_lag1	0.000464986860427979	0.00103473228716059	0.00177289630718672
mpayroll_tend6	0.000462976825656338	0.00184419416537012	0.00181613768053273
Visa_mpagospesos	0.000461247949342123	0.00177832691868481	0.00220531004064689
cpagomiscuentas_tend6	0.000458687939702432	0.00207824625865984	0.00207558592060884
mvr_msaldototal_tend6	0.000457475669227651	0.00460348698895592	0.00224855141399291
cmobile_app_trx_avg6	0.000457266562715286	0.000699042268291325	0.0019891031739168
ccallcenter_trx_avg6	0.000456445754522531	0.00120742279303938	0.00181613768053273
cpayroll_trx_lag1	0.00045164657696125	0.000432883449426654	0.00034593098676814
mvr_msaldopesos2_avg6	0.000450206514418598	0.000932441942890721	0.00194586180057079
mcomisiones	0.000445276918212459	0.00134280718268184	0.00185937905387875
mpagomiscuentas_tend6	0.00044400330575452	0.002004979639736	0.00155668944045663
mv_Fvencimiento_tend6	0.000440773123679088	0.000931848542338499	0.00164317218714866
Visa_mconsumospesos_avg6	0.000439344791195491	0.000412494077685434	0.00177289630718672
ccomisiones_otras	0.000438820633392011	0.00303199278365524	0.00181613768053273
mvr_mpagospesos	0.000430672315683248	0.000487994586789414	0.00151344806711061
Master_mfinanciacion_limite	0.00042919005561557	0.00059558508177826	0.00190262042722477
Visa_mlimitecompra	0.000427175742926137	0.00116395743660468	0.00203234454726282
cmobile_app_trx_lag1	0.00042638532847864	0.00144858249435398	0.00129724120038052
mtarjeta_visa_debitos_automaticos_avg6	0.000423619041579438	0.000392375760156677	0.00142696532041858
ctrx_quarter_lag1	0.000423513767694458	0.000655524439366565	0.00168641356049468
mcomisiones_otras_avg6	0.000417850737156282	0.000820165836959135	0.00159993081380265
ccuenta_debitos_automaticos_tend6	0.000416106512824338	0.00206519123189953	0.00138372394707256
mcomisiones_tend6	0.000415120909206531	0.000919422756236096	0.00185937905387875
Visa_fultimo_cierre_delta1	0.000414865920897096	0.000154529659032425	0.000691861973536279
cprestamos_hipotecarios_avg6	0.000414083137248954	0.00713462234358024	0.00190262042722477
mvr_msaldopesos2	0.00041265501446375	0.000770488982447408	0.00168641356049468
Visa_cconsumos_avg6	0.000412054501400808	0.00109901731121615	0.00181613768053273
mtransferencias_recibidas_lag1	0.000409945340134631	0.0022538193177094	0.00168641356049468
mv_mpagospesos_avg6	0.000409503620078611	0.00209713742813883	0.0019891031739168
Visa_msaldototal	0.00040883660775711	0.000307689346120866	0.000821586093574332
mplazo_fijo_dolares_tend6	0.000408739700291337	0.00348313848382009	0.00151344806711061
Visa_Fvencimiento_lag1	0.000404318286010324	0.000485731080234516	0.00164317218714866
mv_mpagominimo_tend6	0.000401493125890055	0.00135201497797763	0.00142696532041858
mtransferencias_emitidas_tend6	0.00039723111237094	0.000699478465984776	0.00177289630718672
ccajas_consultas_delta1	0.000396238170191153	0.00211069453829586	0.000994551586958402
ctrx_quarter_normalizado_avg6	0.00039614190822254	0.000676059532256052	0.00138372394707256
Master_mlimitecompra_lag1	0.000395579794127836	0.000882274164775664	0.00155668944045663
mcaja_ahorro_tend6	0.000394441404506736	0.000644664243509538	0.00181613768053273
mplazo_fijo_dolares	0.000392046374417517	0.0039793148087479	0.00116751708034247
Visa_fultimo_cierre	0.000390120349866747	0.000775900301877433	0.00159993081380265
mv_status02_delta1	0.000383642775280118	0.000403601331941428	0.000302689613422122
Visa_mpagominimo_delta1	0.000383526191438334	0.000672702473254915	0.000994551586958402
mv_mfinanciacion_limite_tend6	0.000382988313116523	0.00108621337980705	0.00103779296030442
mvr_msaldopesos_lag1	0.000381676977169615	0.00309922592466772	0.00159993081380265
Master_mfinanciacion_limite_avg6	0.000370813932970078	0.000687169643101528	0.00155668944045663
ccajas_depositos_avg6	0.000370741474326534	0.00529417840531675	0.00203234454726282
mtransferencias_emitidas	0.000366005936788848	0.000770468916280452	0.00155668944045663
ccomisiones_otras_lag1	0.000362907963466519	0.000961947900077924	0.00134048257372654
mv_mpagospesos	0.000361801880449202	0.000252082027175198	0.000691861973536279
mv_mconsumospesos_tend6	0.000361159840402273	0.000792210017995695	0.00142696532041858
mtransferencias_recibidas_tend6	0.000360752270673344	0.000913781373373166	0.00151344806711061
tmobile_app_avg6	0.000360491549079295	0.000452180878307219	0.00138372394707256
mv_fultimo_cierre_delta1	0.000359946153713776	0.000105892167585585	0.000735103346882297
mrentabilidad_lag1	0.000359239867299198	0.000436066243961822	0.00151344806711061
Master_mpagominimo_avg6	0.000352144647167343	0.00031400986679483	0.00116751708034247
ccaja_ahorro_delta1	0.000348375936511076	0.0104203382878728	0.00276744789414512
Master_msaldopesos_avg6	0.00034737024047141	0.000449188980622395	0.00138372394707256
Master_mfinanciacion_limite_lag1	0.000345895601855724	0.00327212084791576	0.00168641356049468
mtarjeta_visa_debitos_automaticos	0.00034446583728553	0.000620311642835987	0.00125399982703451
mpagomiscuentas_avg6	0.000344013293864691	0.000873661808840511	0.00159993081380265
mv_msaldopesos_avg6	0.000342468041563328	0.00429242062497266	0.00177289630718672
internet_lag1	0.000341557867992387	0.000317249426048285	0.000908068840266367
Visa_msaldototal_tend6	0.000339215344864399	0.000732270982324507	0.00108103433365044
Visa_cconsumos_delta1	0.000334627318771651	0.00149569570825212	0.00103779296030442
Visa_mconsumosdolares_lag1	0.000333673148396441	0.00109002047893767	0.00142696532041858
ctrx_quarter_normalizado_tend6	0.000330829032528959	0.000600729746529755	0.00138372394707256
mpayroll_delta1	0.000330796184483569	0.00424169753983089	0.00164317218714866
mforex_buy_avg6	0.000330249767962706	0.00522344237684916	0.00177289630718672
Visa_mlimitecompra_lag1	0.000324065468485391	0.000539970144127491	0.00129724120038052
mcomisiones_lag1	0.00032180969647209	0.000464422420513027	0.00125399982703451
mtarjeta_visa_debitos_automaticos_delta1	0.000320313043581389	0.000715161516782065	0.000908068840266367
Visa_cconsumos	0.000318438225650165	0.000525544501588963	0.00151344806711061
mv_Fvencimiento_lag1	0.000316470634256841	0.000460038231297446	0.00134048257372654
mvr_Master_mlimitecompra_avg6	0.00031162747470598	0.00137999547725337	0.00142696532041858
Visa_Finiciomora_avg6	0.000309398274600924	0.00370896892124892	0.00134048257372654
mvr_mpagominimo_lag1	0.000309001789433889	0.000621776473023762	0.00108103433365044
ctransferencias_emitidas_tend6	0.000308392612247039	0.00107338584114271	0.00125399982703451
tpaquete7_avg6	0.000308035417045963	0.00193580233394863	0.000562137853498227
mv_mfinanciacion_limite_lag1	0.000307647511347472	0.00037415932895479	0.00121075845368849
cliente_antiguedad_lag1	0.00030463167771517	0.000360590951698669	0.00121075845368849
Visa_mconsumospesos_lag1	0.000299402857596652	0.000804092193393294	0.00134048257372654
mcomisiones_delta1	0.000299222510275532	0.00266190806695524	0.00168641356049468
mv_status04_delta1	0.000297631928200628	0.00383859990087176	0.00142696532041858
mcuenta_debitos_automaticos_avg6	0.000297108580443175	0.000662404666601179	0.00134048257372654
mv_mlimitecompra_tend6	0.000296688329693255	0.00129644231877488	0.000951310213612384
mcomisiones_mantenimiento_lag1	0.000296258986957103	0.00286594653976435	0.00151344806711061
Master_mfinanciacion_limite_delta1	0.000291982556629278	0.000284537496293495	0.000778344720228314
chomebanking_trx_lag1	0.000291889254776605	0.000317529923162844	0.00142696532041858
mvr_mpagospesos_avg6	0.000289786822906508	0.00125542825387996	0.00121075845368849
tcuentas_avg6	0.000289204427855393	0.00563799575833165	0.00177289630718672
thomebanking_tend6	0.000288895560638714	0.00236480990128735	0.00155668944045663
Visa_mpagospesos_lag1	0.000284905410065183	0.000739407777501321	0.00121075845368849
mv_Finiciomora	0.000284680370002146	0.000806677402453719	0.00034593098676814
Visa_delinquency_avg6	0.000284466605681036	0.000213279425567937	0.000648620600190262
Visa_mconsumosdolares_avg6	0.000283130344372738	0.000262189151590001	0.00134048257372654
mtransferencias_emitidas_lag1	0.000283073540269891	0.000319755980026471	0.00108103433365044
mtransferencias_emitidas_delta1	0.000281791531410638	0.00203393297253913	0.00134048257372654
mpasivos_margen_delta1	0.000281064184857558	0.000395143066999583	0.00116751708034247
Visa_msaldopesos_avg6	0.000280832112402779	0.00037126100184529	0.00108103433365044
Master_msaldototal_tend6	0.00028023033127301	0.00105223513541993	0.000951310213612384
ctarjeta_visa_trx_lag1	0.000277060916229713	0.00061583838988472	0.000994551586958402
mv_cconsumos_lag1	0.00027482597155266	0.00162348575118889	0.00121075845368849
mforex_sell_tend6	0.000274117384275799	0.00329550544381868	0.00121075845368849
Visa_mpagospesos_delta1	0.000270196620766976	0.000481823006434887	0.00125399982703451
mvr_Visa_mlimitecompra_lag1	0.000269060539768233	0.000563965953329769	0.00112427570699645
Master_msaldototal_avg6	0.000269030244258473	0.000385992572950615	0.00116751708034247
mtarjeta_visa_consumo_avg6	0.000267681321858468	0.000290582348609654	0.00108103433365044
ccomisiones_mantenimiento	0.000267231670652911	0.00192879731017835	0.000908068840266367
Master_mpagominimo_lag1	0.00026469501989762	0.000567365720001753	0.000994551586958402
mextraccion_autoservicio_avg6	0.000264514741358985	0.000513754931015336	0.00108103433365044
mvr_mconsumosdolares_avg6	0.000263274497929663	0.000318077074955933	0.00103779296030442
mcomisiones_mantenimiento_delta1	0.000262041188832952	0.000688157070204883	0.000864827466920349
Master_msaldototal	0.000260849476560903	0.000473686122081452	0.000778344720228314
mvr_mpagominimo_delta1	0.000256417441382486	0.00238624271371027	0.00151344806711061
ctransferencias_recibidas	0.000256271716518486	0.00113317014198636	0.00116751708034247
mvr_msaldototal	0.000252773350478553	0.00203006621143617	0.00108103433365044
mv_mpagospesos_lag1	0.000249530950517524	0.000309133788224568	0.000821586093574332
mv_mfinanciacion_limite	0.000249377090096554	0.000404442608673694	0.000951310213612384
Master_fultimo_cierre_lag1	0.000246529890657391	0.000679377531980333	0.00116751708034247
mv_msaldototal_avg6	0.000242638082458076	0.00111809111500615	0.00112427570699645
mvr_Master_mlimitecompra	0.00024257161000705	0.000410595088612616	0.00103779296030442
ccheques_depositados_avg6	0.000240281915883412	0.00278046177127853	0.00116751708034247
mcomisiones_otras_lag1	0.000236377050652192	0.000222044906745047	0.000908068840266367
Master_mlimitecompra_avg6	0.000235363920284165	0.000298421352324216	0.00103779296030442
cprestamos_personales_delta1	0.000233553211861083	0.00218332386863387	0.000691861973536279
mcomisiones_otras_delta1	0.000232788555219401	0.000762804069726154	0.000908068840266367
ccuenta_debitos_automaticos	0.000232039697737998	0.000250689199115912	0.000908068840266367
Visa_msaldopesos_delta1	0.00023024668052261	0.00277266440217776	0.00125399982703451
mv_msaldototal_tend6	0.000229763443711793	0.00176545753079527	0.00121075845368849
Master_msaldopesos_tend6	0.000229527288752023	0.00124623741288567	0.000951310213612384
Visa_msaldototal_delta1	0.00022874112753117	0.00118445540172001	0.00108103433365044
mvr_msaldopesos_tend6	0.000228246776529082	0.00096392532962157	0.00125399982703451
mv_fultimo_cierre_lag1	0.000224017451621085	0.000213193044474892	0.000821586093574332
cplazo_fijo_avg6	0.000222850670001386	0.00147431440256791	0.000475655106806192
mtarjeta_visa_consumo_delta1	0.000221219151237303	0.00193027920197332	0.00108103433365044
Visa_mconsumosdolares	0.000220456889284267	0.00034782693801207	0.000994551586958402
Master_mpagospesos_avg6	0.000219968232060956	0.00113569053840057	0.00116751708034247
ctrx_quarter_normalizado_lag1	0.000218886455891765	0.000215709685189409	0.000648620600190262
cpagomiscuentas_avg6	0.000218198672847293	0.000406666841340325	0.000994551586958402
ctarjeta_debito_trx_tend6	0.000218123313699295	0.000553991780684262	0.00103779296030442
mv_cconsumos	0.000215655238728127	0.000944113799105255	0.000951310213612384
ccuenta_debitos_automaticos_avg6	0.000215651718475853	0.00120899128053881	0.000951310213612384
ctarjeta_visa_trx_delta1	0.00021486290930572	0.00108175976379992	0.000648620600190262
mvr_mconsumospesos_avg6	0.000213598002946641	0.000588098684612451	0.000864827466920349
Master_mpagominimo	0.000213301315167914	0.000732765876238946	0.000735103346882297
mtarjeta_visa_debitos_automaticos_lag1	0.000212930135076856	0.00486971984875749	0.00168641356049468
mtarjeta_visa_consumo_tend6	0.000212233830058943	0.000368703477656922	0.000908068840266367
mv_fechaalta_delta1	0.000211806550091858	1.25364182849237e-05	4.32413733460175e-05
mvr_msaldopesos	0.000211084795378387	0.000325999777120899	0.000691861973536279
mprestamos_prendarios_lag1	0.000209863509107201	0.00633768508002802	0.00168641356049468
mvr_msaldopesos2_lag1	0.000209519620671359	0.000275597106816182	0.000951310213612384
Master_mpagospesos	0.000209091192565882	0.00053833469786774	0.000908068840266367
mvr_mpagospesos_lag1	0.000207045302367	0.000320378782342041	0.000864827466920349
Visa_mpagado_tend6	0.00020689162183868	0.00174980001875592	0.00103779296030442
ctarjeta_visa_descuentos_avg6	0.000204970782429035	0.00302635386882354	0.00121075845368849
Master_mlimitecompra_tend6	0.000204792492233292	0.00353773455379575	0.00112427570699645
mplazo_fijo_dolares_delta1	0.00020464656931101	0.00302833569790112	0.000821586093574332
Master_fultimo_cierre_delta1	0.000202977384905791	0.000151794007372684	0.000864827466920349
mcaja_ahorro_adicional_avg6	0.00020128216333205	0.00641597317675327	0.0017296549338407
mv_mconsumosdolares_avg6	0.00019715540615919	0.00049503448491403	0.000864827466920349
mautoservicio_tend6	0.000196082537321717	0.00118043851993486	0.000951310213612384
Visa_mfinanciacion_limite_lag1	0.000195594352757529	0.00047462172052898	0.000735103346882297
Master_fultimo_cierre	0.000193041419248185	0.000279638561607929	0.000778344720228314
mvr_Visa_mlimitecompra	0.000190946981313687	0.000400164437495291	0.000735103346882297
mv_mpagospesos_delta1	0.000188605283399145	0.000499561605329531	0.000821586093574332
Master_mconsumospesos_avg6	0.00018811288017592	0.000712492931188353	0.000908068840266367
Master_msaldopesos	0.000186741754260885	0.00203981847588241	0.000994551586958402
cextraccion_autoservicio_avg6	0.000185519242603286	0.000211000252380015	0.000821586093574332
mv_mpagominimo_lag1	0.000182955878847476	0.000682179498566163	0.000778344720228314
mv_msaldopesos_tend6	0.000182580438651525	0.00031753593228236	0.000778344720228314
mvr_mconsumospesos	0.000182216449504653	0.000340779957710882	0.000821586093574332
Visa_mconsumosdolares_tend6	0.000182164834422968	0.000183476875410329	0.000691861973536279
Master_cconsumos_tend6	0.000180942802831837	0.000781028870773081	0.000864827466920349
mvr_Visa_mlimitecompra_avg6	0.000180095100334988	0.000263598397422251	0.000821586093574332
mvr_mconsumospesos_lag1	0.000179521080521347	0.000526263020593969	0.000821586093574332
mv_Finiciomora_tend6	0.000179098340903688	0.000858979276442666	0.000475655106806192
mtransferencias_recibidas_delta1	0.000176904261840579	0.000413241783842376	0.000821586093574332
ccajas_trx_tend6	0.000173917864642446	0.000298546041554177	0.000778344720228314
mv_mlimitecompra_avg6	0.000172454212176792	0.000162929227753281	0.000562137853498227
Master_fechaalta_delta1	0.00017097747058074	1.00580857073222e-05	4.32413733460175e-05
Visa_mlimitecompra_avg6	0.000169289124433584	0.000292990503255763	0.000691861973536279
matm_other_avg6	0.000169124368161638	0.000535332928057997	0.000821586093574332
Visa_msaldopesos_tend6	0.00016911838726008	0.000317398688284839	0.000648620600190262
catm_trx_avg6	0.000167213330432371	0.000232377480447412	0.000735103346882297
Visa_mconsumospesos	0.000166840175931283	0.000173300431509679	0.000691861973536279
ctarjeta_debito_trx_delta1	0.000165318231897468	0.000867452886100418	0.000821586093574332
Visa_msaldopesos_lag1	0.000164141675052192	0.000300793452253228	0.000735103346882297
Visa_fultimo_cierre_lag1	0.000163898358601248	0.00017035006113294	0.000605379226844245
ctarjeta_master_trx_avg6	0.000162302359817521	0.000684792177887234	0.000778344720228314
cpayroll_trx_tend6	0.000162263903706911	0.00107774674502017	0.000778344720228314
mvr_msaldopesos2_delta1	0.000160328274652217	0.000225081550909125	0.000864827466920349
ccuenta_debitos_automaticos_delta1	0.000158459921569057	0.00277151451423606	0.000908068840266367
mv_mfinanciacion_limite_avg6	0.000158088092277167	0.000425888297781293	0.000691861973536279
mvr_Master_mlimitecompra_tend6	0.000156393021672161	0.00102369621725201	0.00051889648015221
mvr_msaldodolares2_avg6	0.000156284396140177	0.000369551729260054	0.000691861973536279
cforex_sell_avg6	0.000156206755882815	0.000327897156608132	0.000605379226844245
ctransferencias_emitidas_delta1	0.000155452961229962	0.000579740321282563	0.000562137853498227
ccaja_seguridad_avg6	0.000151796959139766	0.000344286171642867	0.000216206866730087
matm_avg6	0.000151167346500463	0.00019150269835842	0.000648620600190262
Master_Finiciomora_avg6	0.000150581117266761	0.00294929817812763	0.000864827466920349
Master_cconsumos_avg6	0.000150578376196579	0.000503038524803875	0.000821586093574332
mv_msaldodolares_avg6	0.000149628413193024	0.000771837815167379	0.000735103346882297
mtarjeta_visa_consumo_lag1	0.000148245164982409	0.000465942405833504	0.000648620600190262
Visa_mpagado	0.000147863808787346	0.000364974282468605	0.000562137853498227
mextraccion_autoservicio_lag1	0.000147751655948474	0.000148545970968483	0.000562137853498227
Visa_mfinanciacion_limite_avg6	0.000147243123761775	0.000307047014166869	0.000691861973536279
ctrx_quarter_avg6	0.000145534044457466	0.000177892579182802	0.000648620600190262
mv_mpagado_tend6	0.000145520027292626	0.00133365593749294	0.000735103346882297
ccuenta_debitos_automaticos_lag1	0.000144041839500749	0.00278936417453605	0.00108103433365044
mpayroll_sobre_edad_lag1	0.000144016850295105	0.000946410999651726	0.000605379226844245
mv_status01_tend6	0.000143572193756101	0.00036728886653939	0.000302689613422122
Visa_mconsumospesos_delta1	0.000142819020967452	0.000212405849818273	0.000605379226844245
Visa_mfinanciacion_limite_tend6	0.000142319535617458	0.000110446865567438	0.00051889648015221
mvr_mpagado_avg6	0.000141897065838776	0.000534583397704059	0.000648620600190262
mv_mconsumospesos_avg6	0.000140918412426459	0.000112995161465121	0.000562137853498227
mv_mpagado_avg6	0.000140393096960859	0.000555545459996311	0.000648620600190262
mv_mconsumospesos	0.000139621537732328	0.00182898422542903	0.000864827466920349
mprestamos_prendarios_avg6	0.000138952849587326	0.0020806058038213	0.000562137853498227
mvr_msaldodolares_avg6	0.000138402463788022	0.00048864904428815	0.000778344720228314
cextraccion_autoservicio_tend6	0.00013823690011553	0.00164261932425694	0.000778344720228314
Visa_Finiciomora_lag1	0.000137869230576652	0.00143976926213786	0.000475655106806192
mautoservicio_lag1	0.000135822253967248	0.000398270384484932	0.000648620600190262
ccajas_otras_delta1	0.000135807607707225	0.00178416016414944	0.000562137853498227
cforex_avg6	0.000134637151515576	0.000274563645565105	0.000562137853498227
ccomisiones_otras_delta1	0.000133341054239883	0.000276116251820097	0.00051889648015221
cpagomiscuentas_lag1	0.000132809408316611	0.000126252030257752	0.000605379226844245
Master_msaldopesos_lag1	0.000131033134874288	0.0011385589272182	0.000648620600190262
ctarjeta_master_trx_tend6	0.00013024666360316	0.00128108794535399	0.000691861973536279
ccallcenter_trx_lag1	0.000128996304915877	0.000568263439535188	0.00051889648015221
mv_mlimitecompra	0.000128718751718821	0.000149829883736539	0.000475655106806192
mvr_mconsumospesos_tend6	0.000127490802717656	0.000212300368309623	0.000648620600190262
mvr_msaldopesos_avg6	0.00012645786863784	0.000130046467315102	0.000605379226844245
Master_mlimitecompra_delta1	0.000125339531756395	0.000561938519327292	0.00034593098676814
ctarjeta_debito_trx	0.000124864287117524	0.000259383107387356	0.000475655106806192
ccheques_emitidos_avg6	0.000121748410949088	0.00200063257829458	0.000648620600190262
mvr_mpagado_tend6	0.000120086721365543	0.000260066859343733	0.00051889648015221
Visa_msaldototal_lag1	0.000119513339994448	7.91277638719336e-05	0.000475655106806192
ctarjeta_visa_debitos_automaticos_lag1	0.00011938757668922	0.000404749502991841	0.00051889648015221
matm_tend6	0.000119280103528396	0.000619692274302998	0.000648620600190262
Master_mconsumospesos	0.000118496149343463	0.000271311746155501	0.000475655106806192
mv_status01_lag1	0.000117549432167706	0.00136779041898748	0.000389172360114157
Visa_msaldototal_avg6	0.000117295747550897	0.000132441208748006	0.000475655106806192
mextraccion_autoservicio_delta1	0.000116803551733316	0.000729409675683455	0.000648620600190262
minversion1_pesos_avg6	0.000116782032339457	0.00265495937868043	0.000735103346882297
mplazo_fijo_dolares_avg6	0.000116229057144168	0.00121022175506545	0.00051889648015221
mvr_msaldodolares2_delta1	0.00011568426900453	0.00352254092432191	0.00103779296030442
ctarjeta_master_descuentos_avg6	0.000115239641565807	0.00178747773465089	0.000562137853498227
mpagomiscuentas_lag1	0.000112433650594818	0.000799611214431221	0.00051889648015221
mvr_mconsumosdolares_tend6	0.000111665583400107	0.000476076142063306	0.000432413733460175
mvr_mconsumosdolares_lag1	0.000110689102456102	0.000218483215763243	0.000475655106806192
mv_mconsumosdolares_tend6	0.000110038249432915	0.000283074597608422	0.000475655106806192
mv_mconsumospesos_lag1	0.000109330124938718	0.000268657110303523	0.00051889648015221
cliente_edad_tend6	0.000106150030621089	0.000146643011584556	0.000432413733460175
cpagomiscuentas	0.00010594425635554	0.000550717668993589	0.000475655106806192
mvr_mconsumospesos_delta1	0.000105488234481013	0.000361786015342449	0.000605379226844245
mvr_msaldodolares2_tend6	0.000104092360980856	0.000714253817818005	0.000432413733460175
Master_mpagospesos_lag1	0.000103687784171822	0.000477278395189365	0.00051889648015221
ccajas_consultas	0.000101613533367372	0.000942455711341612	0.00034593098676814
mvr_msaldototal_lag1	0.000101370464180641	0.000395475392769969	0.00051889648015221
mv_status02_avg6	0.000101011078874718	0.000864481591111079	0.000475655106806192
mvr_Master_mlimitecompra_lag1	0.000100632274333458	0.000407141669087809	0.00051889648015221
mcuenta_debitos_automaticos_lag1	9.95846296202678e-05	0.000497731506519738	0.000432413733460175
mv_mfinanciacion_limite_delta1	9.89065553116377e-05	0.000754433580851527	0.00034593098676814
Visa_mpagosdolares_avg6	9.80498998044467e-05	0.00010960591075229	0.000432413733460175
ccajas_otras_tend6	9.80223430721189e-05	0.00178361708997316	0.000691861973536279
ctarjeta_debito_lag1	9.6542153533584e-05	0.000152752247324103	0.000432413733460175
mextraccion_autoservicio_tend6	9.59563832025083e-05	0.000123906864060857	0.000389172360114157
Master_mconsumospesos_lag1	9.46500479185744e-05	0.000263760858260599	0.000432413733460175
Master_mfinanciacion_limite_tend6	9.42105257274754e-05	0.000317740778874438	0.000475655106806192
ctransferencias_emitidas_lag1	9.38978955798082e-05	0.000147643637289706	0.000302689613422122
Master_mconsumospesos_tend6	9.34414909924843e-05	0.000151576176790223	0.00034593098676814
mv_mconsumosdolares_delta1	9.32524548563089e-05	0.000338434362291164	0.000389172360114157
ccajas_extracciones_tend6	9.02739930404806e-05	0.000488651512319379	0.000389172360114157
mvr_Visa_mlimitecompra_tend6	8.73804539598138e-05	0.000275554399145335	0.000302689613422122
Visa_delinquency_lag1	8.73567800869078e-05	3.95481616500897e-05	0.000129724120038052
Visa_mconsumosdolares_delta1	8.69475341817469e-05	0.00010863586717325	0.00034593098676814
mvr_mpagosdolares_avg6	8.46105706185096e-05	0.000784295900287181	0.00051889648015221
tpaquete7_tend6	8.42277160234808e-05	0.00130413774745529	0.00034593098676814
cplazo_fijo_tend6	8.40253819403396e-05	0.000770735570958983	0.000302689613422122
matm_other_tend6	8.16742749346755e-05	0.00166368547308367	0.000605379226844245
Master_mpagospesos_delta1	8.09840871487324e-05	0.000157368646086703	0.000389172360114157
Visa_mlimitecompra_tend6	8.08869218368256e-05	0.000421169314764096	0.000259448240076105
mtarjeta_master_consumo_delta1	7.92886348891217e-05	0.00292125190045433	0.000864827466920349
mtarjeta_master_consumo_avg6	7.73934679244644e-05	0.000309527063635761	0.000389172360114157
mvr_mpagospesos_delta1	7.70381443124231e-05	0.000215984495101569	0.000432413733460175
mv_Finiciomora_delta1	7.67647099516202e-05	0.00108524140472531	0.000302689613422122
Master_mpagado_avg6	7.61529768781992e-05	0.000380175208730426	0.00034593098676814
Visa_mpagosdolares_tend6	7.56822895198265e-05	0.000445463111910953	0.00034593098676814
mv_mconsumosdolares_lag1	7.48311718844488e-05	0.000290603595139372	0.000302689613422122
catm_trx_tend6	7.36642798600444e-05	0.000704633324778307	0.000389172360114157
Master_msaldopesos_delta1	7.32867853605618e-05	0.00049170017472249	0.000259448240076105
Master_delinquency	7.32183344431033e-05	0.000172140993360173	0.000216206866730087
Master_msaldototal_delta1	7.27040199422235e-05	5.14833460662784e-05	0.000259448240076105
mtarjeta_master_consumo_lag1	7.16020412992001e-05	0.000546327041435669	0.000432413733460175
ccaja_seguridad_lag1	7.1459680604144e-05	0.000173850695168232	0.000129724120038052
cforex_sell_tend6	7.12576858479254e-05	0.00124949156571509	0.000432413733460175
ctransferencias_emitidas	7.08854858360809e-05	0.000108815067701679	0.00034593098676814
active_quarter_avg6	6.92619306727578e-05	0.000392884818424262	0.000259448240076105
ccajas_otras_avg6	6.92198297959408e-05	0.000550370856952941	0.00034593098676814
mvr_mconsumosdolares_delta1	6.90775431743294e-05	0.000600712470311146	0.000389172360114157
cforex_tend6	6.82686671553135e-05	0.000267808000254745	0.000259448240076105
thomebanking_lag1	6.81665431553843e-05	0.000168320051793528	0.000302689613422122
Master_msaldodolares_lag1	6.75534287885861e-05	0.000135755989301118	0.000259448240076105
cproductos_lag1	6.66869871211665e-05	0.000134216796259331	0.00034593098676814
ctransferencias_recibidas_lag1	6.61810665524868e-05	0.000165883890358246	0.000302689613422122
ctarjeta_debito	6.57713846721946e-05	0.000109922677195357	0.000432413733460175
mv_mlimitecompra_lag1	6.43251761500217e-05	0.000366962335277109	0.000302689613422122
Master_mpagosdolares_avg6	6.4128436375604e-05	0.00100505260203595	0.000432413733460175
ctarjeta_debito_trx_lag1	6.40947960970874e-05	0.000288603953314658	0.00034593098676814
tpaquete9_avg6	6.37977905080089e-05	0.00075403547668358	0.00034593098676814
mtarjeta_visa_descuentos_avg6	6.33114200377532e-05	0.000550423329443002	0.000389172360114157
mtarjeta_master_consumo_tend6	6.31206742159294e-05	0.000366407028250391	0.000302689613422122
mforex_sell_delta1	6.13030547404628e-05	0.000948968094617271	0.000389172360114157
ccomisiones_mantenimiento_lag1	6.04703157848916e-05	4.11112838642358e-05	0.000216206866730087
mvr_msaldopesos_delta1	5.94688632717774e-05	0.000128940789324125	0.000302689613422122
mautoservicio_delta1	5.66963683124536e-05	0.00030436726877977	0.000302689613422122
cforex_buy_tend6	5.61113545887052e-05	0.00291177745048002	0.000778344720228314
tmobile_app_lag1	5.60491731065085e-05	3.11132893520754e-05	0.00017296549338407
Master_mpagado	5.50482645041163e-05	8.52747712198682e-05	0.000216206866730087
mv_msaldototal_delta1	5.44529990156301e-05	5.06890692330863e-05	0.000302689613422122
mttarjeta_master_debitos_automaticos_lag1	5.39854160400492e-05	0.000504481464627698	0.000302689613422122
catm_trx_other_avg6	5.24576163240698e-05	0.000190746515050732	0.000216206866730087
cpayroll_trx_delta1	5.09887991756709e-05	0.000170326453877698	0.00017296549338407
Visa_Finiciomora_tend6	5.0737056694034e-05	0.00039032665040166	0.000216206866730087
ctarjeta_master_trx	5.06643984049201e-05	0.000297638879118645	0.000302689613422122
mv_msaldopesos_delta1	4.93455619926463e-05	0.000386613872986306	0.000259448240076105
Master_msaldototal_lag1	4.9114062372506e-05	5.9364842840276e-05	0.000259448240076105
ctarjeta_visa_debitos_automaticos_delta1	4.74276386076044e-05	0.000483502233422542	0.000216206866730087
cextraccion_autoservicio_lag1	4.61507083648074e-05	3.78235443489462e-05	0.00017296549338407
thomebanking_delta1	4.55140471081511e-05	4.74505830366882e-05	0.00017296549338407
Visa_msaldodolares_lag1	4.53699403961857e-05	9.82084352270936e-05	0.000259448240076105
cseguro_vida_avg6	4.53187260165636e-05	0.000326793195508446	0.00017296549338407
mv_mpagosdolares_tend6	4.50798811325607e-05	0.000809046605128679	0.000302689613422122
Visa_msaldodolares_avg6	4.4783866363987e-05	0.00027287701448376	0.000216206866730087
mv_status04_avg6	4.47062839544581e-05	2.76161964050703e-05	0.000216206866730087
mvr_msaldototal_delta1	4.3882761851784e-05	0.000558518579182647	0.000432413733460175
matm_other	4.34761159245298e-05	0.000541336574983188	0.000259448240076105
active_quarter_tend6	4.3300337171291e-05	0.00105678457542221	0.00034593098676814
matm_lag1	4.32171897296858e-05	0.000228239021297761	0.000216206866730087
mv_status05_tend6	4.2533929221739e-05	0.000875585692837039	0.000302689613422122
ctransferencias_recibidas_delta1	4.06158732099582e-05	4.93581565659582e-05	0.000216206866730087
cseguro_vida_tend6	4.0055818357015e-05	0.000926008214697301	0.000302689613422122
Master_mconsumosdolares_lag1	3.9472221905174e-05	3.42296616554483e-05	0.000129724120038052
mvr_mconsumosdolares	3.91450909988923e-05	0.000101324271001938	0.00017296549338407
cseguro_accidentes_personales_avg6	3.84046987012889e-05	0.000165932499842903	0.00017296549338407
mcuenta_debitos_automaticos_delta1	3.69465474234563e-05	0.000218438147366872	0.00017296549338407
mv_mpagosdolares_avg6	3.66666796076214e-05	0.000110236117161549	0.00017296549338407
Master_mpagominimo_delta1	3.61182123105342e-05	0.000445198066818007	0.00017296549338407
mv_mconsumospesos_delta1	3.5089450329305e-05	0.000168171969919737	0.00017296549338407
mcaja_ahorro_adicional	3.44222842172244e-05	0.00130137333786644	0.00034593098676814
Visa_status_delta1	3.43064485172315e-05	9.78977852092483e-05	4.32413733460175e-05
cseguro_vivienda_avg6	3.41697618480346e-05	9.71051179616408e-05	0.00017296549338407
ctarjeta_visa_descuentos_tend6	3.38606600654469e-05	0.000623092684809216	0.000216206866730087
catm_trx_other_lag1	3.35905554823458e-05	1.79095368837389e-05	0.000129724120038052
ccajas_depositos_tend6	3.25324593588482e-05	8.51919312151095e-05	0.000129724120038052
cextraccion_autoservicio	3.25224961278138e-05	2.2314650711921e-05	8.64827466920349e-05
mes	3.16825498260795e-05	9.24814224110577e-06	4.32413733460175e-05
minversion1_pesos_lag1	3.10997247962548e-05	0.00111596420861454	0.000302689613422122
catm_trx_other	3.05976687450011e-05	0.0008224952292173	0.000259448240076105
ctarjeta_master_debitos_automaticos_avg6	3.01150597948101e-05	0.000475798005674272	0.000216206866730087
Master_mconsumosdolares_avg6	3.00738298100637e-05	2.77351984326317e-05	0.00017296549338407
catm_trx_lag1	2.93733772083473e-05	8.02571564238584e-05	0.000129724120038052
mforex_buy_tend6	2.86502087502755e-05	2.24466367298656e-05	0.00017296549338407
Master_status_lag1	2.86183501144677e-05	0.000595493228094227	0.00017296549338407
mforex_sell	2.84996953908104e-05	0.000335848080173683	0.00017296549338407
Master_Fvencimiento_delta1	2.83429838476826e-05	1.35185874087021e-05	8.64827466920349e-05
mv_status03_tend6	2.82308782747232e-05	0.000160143249717593	0.000129724120038052
cpagomiscuentas_delta1	2.7196776303597e-05	0.000571146958457309	0.000216206866730087
mpagomiscuentas_delta1	2.70836760300954e-05	0.000110170982598222	0.000129724120038052
tcuentas_tend6	2.67103081269405e-05	0.000715800522259187	0.000216206866730087
Visa_mpagosdolares_lag1	2.53876530522302e-05	5.23751637859029e-05	0.000129724120038052
mv_mconsumosdolares	2.53871553492284e-05	0.00025362358094251	0.000129724120038052
mttarjeta_master_debitos_automaticos_tend6	2.44226037571175e-05	0.000356615167998776	0.00017296549338407
tpaquete9	2.43201270264996e-05	0.000238457958257846	8.64827466920349e-05
mv_status07_delta1	2.39485732172769e-05	6.98620234951019e-05	8.64827466920349e-05
cinversion1	2.32548747027887e-05	0.000326034436863822	8.64827466920349e-05
mv_status06_delta1	2.29914878756548e-05	7.98885613249642e-05	8.64827466920349e-05
Master_cconsumos_delta1	2.27393058915797e-05	2.8372701629875e-05	8.64827466920349e-05
catm_trx_other_tend6	2.2668598908636e-05	0.000111647616413618	0.000129724120038052
Visa_fechaalta_delta1	2.25680248073532e-05	6.2354165188164e-05	8.64827466920349e-05
mv_status02_tend6	2.23199500194179e-05	2.85326944369933e-05	8.64827466920349e-05
Master_mpagado_delta1	2.21900005063761e-05	1.90860366404423e-05	8.64827466920349e-05
mv_status07_avg6	2.20962355183089e-05	2.53887445672693e-05	8.64827466920349e-05
Visa_msaldodolares	2.17967262468017e-05	2.75329271774889e-05	8.64827466920349e-05
mforex_sell_lag1	2.16449278894374e-05	5.20065686870086e-05	8.64827466920349e-05
mdescubierto_preacordado_lag1	2.08533501361284e-05	2.82629278929991e-05	8.64827466920349e-05
cseguro_vida_lag1	2.0417138675274e-05	7.75682900517794e-05	8.64827466920349e-05
mttarjeta_master_debitos_automaticos_delta1	2.02096568404612e-05	0.000548034704435321	0.00017296549338407
ccajas_extracciones	2.01993221840116e-05	0.000245427571145263	0.000129724120038052
ctarjeta_visa_debitos_automaticos	1.96965183436977e-05	4.66807719043833e-05	0.000129724120038052
Master_msaldodolares_avg6	1.92316609181487e-05	3.92677718412365e-05	8.64827466920349e-05
mttarjeta_master_debitos_automaticos	1.88725948334998e-05	0.000547269078225536	0.00017296549338407
ccajas_depositos_lag1	1.84974625714398e-05	0.000213938604517721	8.64827466920349e-05
ccajas_extracciones_delta1	1.7450221029427e-05	0.000620133086141792	0.00017296549338407
mv_status01_delta1	1.73159304597988e-05	2.79241637802745e-05	8.64827466920349e-05
mv_status06_avg6	1.70033503998893e-05	1.72369447207494e-05	4.32413733460175e-05
mttarjeta_master_debitos_automaticos_avg6	1.6914907412454e-05	0.000121737786526928	8.64827466920349e-05
Visa_mpagado_delta1	1.65370206764455e-05	7.2236162232521e-05	8.64827466920349e-05
cseguro_vivienda	1.64944975809941e-05	8.79074094021887e-05	8.64827466920349e-05
mv_status06	1.64439548006034e-05	3.17659226538147e-05	8.64827466920349e-05
mv_status03_avg6	1.64249440274026e-05	7.84898314518678e-06	4.32413733460175e-05
cextraccion_autoservicio_delta1	1.61117368123285e-05	2.4593609288432e-05	8.64827466920349e-05
Master_mconsumospesos_delta1	1.59425925706144e-05	3.05602357451756e-05	8.64827466920349e-05
Visa_cadelantosefectivo_avg6	1.56505118074122e-05	1.79389386470859e-05	8.64827466920349e-05
mvr_msaldodolares_tend6	1.42262896945304e-05	0.000102722571652212	0.000129724120038052
mvr_mpagosdolares_lag1	1.40896905025444e-05	1.53193917608543e-05	4.32413733460175e-05
mvr_msaldodolares2_lag1	1.37253422758314e-05	3.44563986114784e-05	4.32413733460175e-05
ccajas_trx_lag1	1.26757511947009e-05	0.000174711394233219	8.64827466920349e-05
ctarjeta_visa_avg6	1.21944191296032e-05	0.000168597651654035	8.64827466920349e-05
mvr_mpagosdolares_tend6	1.20998216971106e-05	0.000393749487800358	0.000129724120038052
Master_mpagosdolares	1.201018789087e-05	2.06345652786206e-05	4.32413733460175e-05
mvr_mpagosdolares	1.15170774426136e-05	3.67470535099049e-05	4.32413733460175e-05
Master_mpagado_lag1	1.1470449972868e-05	1.64306496485249e-05	4.32413733460175e-05
matm	1.10982062224181e-05	1.50534882222633e-05	4.32413733460175e-05
Visa_delinquency	1.09453849460565e-05	4.351782892476e-06	4.32413733460175e-05
Master_mpagosdolares_lag1	1.06809568579294e-05	5.68709509353559e-06	4.32413733460175e-05
mv_mpagado	1.03724317900178e-05	2.85693929883242e-05	4.32413733460175e-05
matm_delta1	1.03215736683913e-05	1.81625637376523e-05	4.32413733460175e-05
ccajas_trx	1.01920897598587e-05	2.19152588755063e-05	4.32413733460175e-05
mextraccion_autoservicio	1.00904878013489e-05	1.1198101524106e-05	4.32413733460175e-05
ctarjeta_visa_tend6	1.0010444037074e-05	0.000311046512427709	8.64827466920349e-05
mv_msaldodolares_lag1	9.54844584648795e-06	4.92899101371673e-05	4.32413733460175e-05
tcallcenter_lag1	9.54787936100182e-06	1.0979197884588e-05	4.32413733460175e-05
Visa_msaldodolares_delta1	9.0693698468755e-06	2.82314873212448e-05	4.32413733460175e-05
mv_status05	9.02218576810301e-06	6.41344741505377e-06	4.32413733460175e-05
Master_mpagosdolares_delta1	8.80764579220838e-06	4.59364995300223e-06	4.32413733460175e-05
mv_Fvencimiento_delta1	8.70302939723251e-06	4.66039410191408e-06	4.32413733460175e-05
ctarjeta_visa	8.62727695451692e-06	2.0498930866684e-05	4.32413733460175e-05
Master_cadelantosefectivo_avg6	8.62471895156212e-06	6.23328113527404e-06	4.32413733460175e-05
mvr_msaldodolares_lag1	8.59877067117504e-06	2.83400806953586e-05	4.32413733460175e-05
mv_mpagado_delta1	8.47056435319707e-06	3.38608519451428e-05	4.32413733460175e-05
mcheques_depositados_avg6	8.41870447641453e-06	9.97906578568448e-05	4.32413733460175e-05
Visa_mlimitecompra_delta1	8.34462468262499e-06	5.50632790180423e-05	4.32413733460175e-05
Master_delinquency_tend6	8.34303245629598e-06	2.32864111822517e-05	4.32413733460175e-05
mv_mpagosdolares_lag1	8.10640025190366e-06	5.67915447131778e-06	4.32413733460175e-05
mcheques_depositados_tend6	7.97129452165377e-06	5.29534342336295e-05	4.32413733460175e-05
Visa_status_avg6	7.81962173641475e-06	0.000102826658186689	4.32413733460175e-05
cprestamos_personales_lag1	7.74955037417214e-06	7.49240628532492e-06	4.32413733460175e-05
ctarjeta_master_debitos_automaticos_tend6	7.30079933733275e-06	8.14772222970541e-05	4.32413733460175e-05
mv_mlimitecompra_delta1	7.09992344285885e-06	0.000115021844327658	4.32413733460175e-05
cseguro_accidentes_personales_lag1	6.49841955941149e-06	2.82606744731805e-05	4.32413733460175e-05
mvr_msaldodolares_delta1	6.44540625327675e-06	0.000116725000487672	4.32413733460175e-05
mv_status03_delta1	6.18246104496519e-06	1.88807608255414e-05	4.32413733460175e-05
ctarjeta_master_debitos_automaticos_lag1	5.96766075382226e-06	7.47239377122193e-05	4.32413733460175e-05
ccajas_otras_lag1	5.51580815603671e-06	0.000138864528287979	4.32413733460175e-05
mv_msaldodolares_tend6	5.4456239199737e-06	9.26522530944462e-05	4.32413733460175e-05
catm_trx_delta1	5.37417726077566e-06	2.43701988092769e-05	4.32413733460175e-05
ctarjeta_master_descuentos_tend6	4.42815954997438e-06	0.00014563959593106	4.32413733460175e-05
Master_cconsumos_lag1	4.35356618030202e-06	0.000132350535426735	4.32413733460175e-05
ctarjeta_debito_delta1	3.77583916712181e-06	0.000157919338968078	4.32413733460175e-05
mvr_msaldodolares2	3.56350023072496e-06	0.000157342678105936	4.32413733460175e-05
