lote	time	secs	mem	CPU	GB
1	20220603 235925	0	46	59	15999
1	20220604 000430	305	46	2	15999
1	20220604 000905	580	52	0	15999
1	20220604 000910	585	65	14	15999
1	20220604 000915	590	79	15	15999
1	20220604 000920	595	93	15	15999
1	20220604 000925	600	99	16	15999
1	20220604 000930	605	34	7	15999
1	20220604 001435	910	34	0	15999
1	20220604 001930	1205	40	0	15999
1	20220604 001935	1210	52	14	15999
1	20220604 001940	1215	64	14	15999
1	20220604 001945	1220	78	15	15999
1	20220604 001950	1225	92	15	15999
1	20220604 001955	1230	99	16	15999
1	20220604 002000	1235	25	9	15999
1	20220604 002505	1540	25	0	15999
2	20220630 030215	0	1	6	128822
2	20220630 030605	230	15	7	128822
2	20220630 030630	255	12	31	128822
2	20220630 030645	270	20	17	128822
2	20220630 030650	275	25	12	128822
2	20220630 030655	280	30	12	128822
2	20220630 031200	585	38	94	128822
2	20220630 031630	855	31	75	128822
2	20220630 031635	860	36	12	128822
2	20220630 032140	1165	38	95	128822
2	20220630 032315	1260	18	28	128822
