fecha	cp	minsplit	minbucket	maxdepth	xval_folds	ganancia	iteracion
20220517 183702	-0.381761555741832	3852	149	14	5	9786000	1
20220517 183750	-0.535065124639368	5385	844	6	5	9133000	2
20220517 183858	-0.925573377578985	2399	1156	16	5	9686000	3
20220517 183949	-0.473890878194652	5832	67	8	5	8870000	4
20220517 184050	-0.180007198157546	6942	1291	15	5	8267000	5
20220517 184147	-0.733096636318078	4987	1549	17	5	8693000	6
20220517 184303	-0.286685858004785	3012	340	11	5	9923000	7
20220517 184332	-0.659250354481628	7418	1871	5	5	8250000	8
20220517 184424	-0.987280756320979	6045	562	10	5	9359000	9
20220517 184509	-0.0923311760896467	7887	500	8	5	8174000	10
20220517 184600	-0.345728327258257	4049	963	20	5	9796000	11
20220517 184653	-0.495186946215108	4516	251	9	5	9252000	12
20220517 184729	-0.713669718261808	1148	509	5	5	10651000	13
20220517 184755	0.0596369845187292	5074	1955	11	5	0	14
20220517 184852	-0.98129306552466	7423	1440	15	5	8279000	15
20220517 184924	-0.592749778064899	6862	1442	3	5	8518000	16
20220517 184954	-0.890055058298132	5	1	3	5	9083000	17
20220517 185129	-0.659911011440648	360	176	20	5	8039000	18
20220517 185200	-0.774704282174429	2263	1005	3	5	9017000	19
20220517 185327	-0.247152895972141	8000	268	20	5	8284000	20
20220517 185358	-0.380042231563102	1057	527	3	5	9069000	21
20220517 185459	-0.754486549038895	1145	566	11	5	10715000	22
20220517 185552	-0.845067437335215	1045	517	8	5	10165000	23
20220517 185649	-0.70690448222777	1086	536	9	5	10153000	24
20220517 185758	-0.969491582952505	769	383	12	5	10193000	25
20220517 185917	-0.550617127846222	1331	660	15	5	10557000	26
20220517 190037	-0.722262855411478	2160	565	13	5	10694000	27
20220517 190140	-0.580332097581306	7999	905	17	5	8284000	28
20220517 190308	-0.272695769976955	1182	587	16	5	10815000	29
20220517 190519	-0.345386522947857	1146	571	14	5	10770000	30
20220517 190632	-0.762897178380702	7995	438	4	5	8284000	31
20220517 190903	-0.177653643476509	1287	639	15	5	10657000	32
20220517 190951	0.0996532243326314	1073	536	19	5	0	33
20220517 191309	-0.826772298261052	1592	1	13	5	9398000	34
20220517 191623	-0.199657928742852	24	9	12	5	8172000	35
20220517 191913	-0.318889380120764	2059	709	15	5	10823000	36
20220517 192212	-0.42799495290208	1829	646	15	5	10774000	37
20220517 192350	-0.782007193781488	1207	596	14	5	11104000	38
20220517 192457	-0.999818869008804	3998	570	20	5	9860000	39
20220517 192613	-0.22595487764609	4194	579	14	5	9858000	40
20220517 192737	-0.880252402603827	1198	590	16	5	10981000	41
20220517 192902	-0.765363876441796	1288	625	16	5	10757000	42
20220517 193021	-0.893527549757275	2163	591	14	5	10300000	43
20220517 193134	-0.196830141179139	1575	785	20	5	10751000	44
20220517 193247	-0.480437349371894	3964	1980	14	5	8888000	45
20220517 193358	-0.314776046573987	1158	574	20	5	10768000	46
20220517 193511	-0.839282877918404	1159	578	17	5	10781000	47
20220517 193537	-0.191127424040667	7997	452	3	5	8535000	48
20220517 193645	-0.998968989545593	1157	576	17	5	10780000	49
20220517 193806	-0.856590873029275	1133	563	15	5	10481000	50
20220517 193915	-0.902136433086451	951	473	19	5	10702000	51
20220517 194019	-0.36040136148776	1381	688	17	5	10987000	52
20220517 194137	-0.472900544586615	1360	678	20	5	10730000	53
20220517 194309	-0.476469387791426	1171	568	17	5	10771000	54
20220517 194420	-0.797738621072821	1095	546	17	5	10350000	55
20220517 194509	-0.999937193044075	939	468	6	5	10778000	56
20220517 194553	-0.611201174356903	867	433	5	5	10563000	57
20220517 194652	-0.764358741815498	1460	725	13	5	11107000	58
20220517 194753	-0.405878154292041	1176	577	19	5	10780000	59
20220517 194844	-0.169058732384019	1620	613	18	5	11057000	60
20220517 194932	-0.238907950799146	1554	777	18	5	10751000	61
20220517 195021	-0.882127230622247	1338	662	17	5	10836000	62
20220517 195122	-0.955358013492013	374	187	17	5	8186000	63
20220517 195219	-0.880071297861493	1444	722	20	5	11107000	64
20220517 195305	-0.999898764277655	1900	940	12	5	10003000	65
20220517 195354	-0.99954033965912	1342	666	19	5	10965000	66
20220517 195442	-0.1464359324296	1400	699	20	5	11025000	67
20220517 195530	-0.77512958273361	1229	612	13	5	11053000	68
20220517 195551	-0.73800610500855	2049	421	3	5	9069000	69
20220517 195639	-0.483712422654932	1542	766	14	5	10760000	70
20220517 195700	-0.781124078941523	1490	730	3	5	9081000	71
20220517 195738	-0.912275184772906	1021	507	7	5	10452000	72
20220517 195816	-0.301485262790764	2023	1008	7	5	10060000	73
20220517 195904	-0.748588857088011	1517	756	14	5	10800000	74
20220517 195951	-0.207404724824869	1942	675	20	5	10756000	75
20220517 200039	-0.522554543015389	3416	585	17	5	10010000	76
20220517 200124	-0.493776314358943	2203	1100	14	5	9809000	77
20220517 200145	-0.558030135098701	179	2	3	5	9169000	78
20220517 200255	-0.46176491208393	505	245	14	5	9336000	79
20220517 200320	-0.140673079534985	2007	878	3	5	9063000	80
20220517 200427	-0.389802853683106	1668	831	15	5	10654000	81
20220517 200532	-0.16205528610377	2077	650	20	5	10725000	82
20220517 200612	-0.996516692889071	4006	1998	5	5	8822000	83
20220517 200724	-0.123930471438609	1145	572	18	5	10769000	84
20220517 200818	-0.423605343661475	7990	670	17	5	8284000	85
20220517 200928	-0.149716381083829	1264	627	18	5	10757000	86
20220517 201043	-0.180681160754696	1007	491	18	5	10371000	87
20220517 201139	-0.998437009501284	4481	2000	20	5	8674000	88
20220517 201236	-0.128245683478895	1829	2	5	5	9053000	89
20220517 201327	-0.999925388993587	6680	1167	6	5	8370000	90
20220517 201420	-0.778811913744801	3325	1662	6	5	9115000	91
20220517 201608	-0.999972516342548	7997	2	20	5	8086000	92
20220517 201726	-0.763965094124695	4333	724	14	5	9450000	93
20220517 201847	-0.174116761813843	1236	581	20	5	10893000	94
20220517 202004	-0.13659308397795	1907	952	16	5	10306000	95
20220517 202106	-0.362941453712572	7992	2000	20	5	8284000	96
20220517 202240	-0.17043050765256	1875	717	18	5	10901000	97
20220517 202458	-0.161678657569829	1760	569	16	5	10203000	98
20220517 202716	-0.122382646724546	1540	770	20	5	10751000	99
20220517 202854	-0.64038020468383	1871	934	3	5	9011000	100
20220517 203125	-0.924535610172392	1203	598	20	5	10979000	101
20220517 203233	-0.581838983884975	1656	568	4	5	9594000	102
20220517 203501	-0.290932432922664	1624	647	18	5	10877000	103
20220517 203722	-0.782984488679364	2056	1024	14	5	10105000	104
20220517 203940	-0.978399196058637	1573	786	20	5	10751000	105
20220517 204155	-0.231615112137043	1494	667	9	5	11030000	106
20220517 204420	-0.787737197713165	1466	725	14	5	11107000	107
20220517 204644	-0.257848927177694	1588	673	12	5	10845000	108
20220517 204929	-0.371562097456314	2229	553	20	5	10461000	109
20220517 205209	-0.21478510840261	2259	1124	9	5	9972000	110
20220517 205424	-0.332775660640546	5241	652	8	5	9149000	111
20220517 205529	-0.238678231172117	1455	625	3	5	9069000	112
20220517 205818	-0.220174592245217	1508	668	11	5	11030000	113
20220517 205948	-0.309247085903001	1329	663	10	5	10834000	114
20220517 210046	-0.223193900949686	1731	861	10	5	10666000	115
20220517 210146	-0.765604843277028	1685	602	14	5	10666000	116
